"filename", "language", "JSON", "Lua", "Markdown", "Log", "comment", "blank", "total"
"c:\Users\haoti\Documents\GitHub\blockgamev2\README.md", "Markdown", 0, 0, 12, 0, 0, 5, 17
"c:\Users\haoti\Documents\GitHub\blockgamev2\default.project.json", "JSON", 48, 0, 0, 0, 0, 0, 48
"c:\Users\haoti\Documents\GitHub\blockgamev2\rbxlx-to-rojo.log", "Log", 0, 0, 0, 2, 0, 1, 3
"c:\Users\haoti\Documents\GitHub\blockgamev2\src\ReplicatedStorage\AnimationController.lua", "Lua", 0, 72, 0, 0, 0, 0, 72
"c:\Users\haoti\Documents\GitHub\blockgamev2\src\ReplicatedStorage\BehaviorHandler.lua", "Lua", 0, 129, 0, 0, 1, 1, 131
"c:\Users\haoti\Documents\GitHub\blockgamev2\src\ReplicatedStorage\BehaviorPacks\Cubic\Behaviors.lua", "Lua", 0, 79, 0, 0, 1, 0, 80
"c:\Users\haoti\Documents\GitHub\blockgamev2\src\ReplicatedStorage\BehaviorPacks\Cubic\BlockHitboxes\init.lua", "Lua", 0, 21, 0, 0, 0, 0, 21
"c:\Users\haoti\Documents\GitHub\blockgamev2\src\ReplicatedStorage\BehaviorPacks\Cubic\Blocks\init.lua", "Lua", 0, 85, 0, 0, 0, 13, 98
"c:\Users\haoti\Documents\GitHub\blockgamev2\src\ReplicatedStorage\BehaviorPacks\Cubic\Components.lua", "Lua", 0, 24, 0, 0, 0, 2, 26
"c:\Users\haoti\Documents\GitHub\blockgamev2\src\ReplicatedStorage\BehaviorPacks\Cubic\Crafting\init.lua", "Lua", 0, 34, 0, 0, 0, 4, 38
"c:\Users\haoti\Documents\GitHub\blockgamev2\src\ReplicatedStorage\BehaviorPacks\Cubic\Entities\Npc.lua", "Lua", 0, 44, 0, 0, 8, 2, 54
"c:\Users\haoti\Documents\GitHub\blockgamev2\src\ReplicatedStorage\BehaviorPacks\Cubic\Entities\Player.lua", "Lua", 0, 34, 0, 0, 0, 4, 38
"c:\Users\haoti\Documents\GitHub\blockgamev2\src\ReplicatedStorage\BehaviorPacks\Cubic\Entities\init.lua", "Lua", 0, 28, 0, 0, 0, 5, 33
"c:\Users\haoti\Documents\GitHub\blockgamev2\src\ReplicatedStorage\BehaviorPacks\Cubic\Functions.lua", "Lua", 0, 131, 0, 0, 1, 3, 135
"c:\Users\haoti\Documents\GitHub\blockgamev2\src\ReplicatedStorage\BehaviorPacks\Cubic\Info.lua", "Lua", 0, 2, 0, 0, 0, 0, 2
"c:\Users\haoti\Documents\GitHub\blockgamev2\src\ReplicatedStorage\BehaviorPacks\Cubic\ItemTypes.lua", "Lua", 0, 38, 0, 0, 2, 2, 42
"c:\Users\haoti\Documents\GitHub\blockgamev2\src\ReplicatedStorage\BehaviorPacks\Cubic\Items\init.lua", "Lua", 0, 50, 0, 0, 1, 3, 54
"c:\Users\haoti\Documents\GitHub\blockgamev2\src\ReplicatedStorage\BridgeNet\Bridge.lua", "Lua", 0, 16, 0, 0, 0, 2, 18
"c:\Users\haoti\Documents\GitHub\blockgamev2\src\ReplicatedStorage\BridgeNet\ClientBridge.lua", "Lua", 0, 351, 0, 0, 12, 88, 451
"c:\Users\haoti\Documents\GitHub\blockgamev2\src\ReplicatedStorage\BridgeNet\CreateBridgeTree.lua", "Lua", 0, 34, 0, 0, 1, 9, 44
"c:\Users\haoti\Documents\GitHub\blockgamev2\src\ReplicatedStorage\BridgeNet\SerdesLayer.lua", "Lua", 0, 165, 0, 0, 8, 48, 221
"c:\Users\haoti\Documents\GitHub\blockgamev2\src\ReplicatedStorage\BridgeNet\ServerBridge.lua", "Lua", 0, 636, 0, 0, 24, 126, 786
"c:\Users\haoti\Documents\GitHub\blockgamev2\src\ReplicatedStorage\BridgeNet\init.lua", "Lua", 0, 105, 0, 0, 4, 28, 137
"c:\Users\haoti\Documents\GitHub\blockgamev2\src\ReplicatedStorage\Chunk.lua", "Lua", 0, 125, 0, 0, 8, 1, 134
"c:\Users\haoti\Documents\GitHub\blockgamev2\src\ReplicatedStorage\CollisonHandler.lua", "Lua", 0, 592, 0, 0, 35, 17, 644
"c:\Users\haoti\Documents\GitHub\blockgamev2\src\ReplicatedStorage\DataHandler\DoFunc.model.json", "JSON", 3, 0, 0, 0, 0, 1, 4
"c:\Users\haoti\Documents\GitHub\blockgamev2\src\ReplicatedStorage\DataHandler\init.lua", "Lua", 0, 137, 0, 0, 5, 3, 145
"c:\Users\haoti\Documents\GitHub\blockgamev2\src\ReplicatedStorage\EntityHandler.lua", "Lua", 0, 994, 0, 0, 39, 8, 1041
"c:\Users\haoti\Documents\GitHub\blockgamev2\src\ReplicatedStorage\EntityMovers\Curve.lua", "Lua", 0, 80, 0, 0, 7, 1, 88
"c:\Users\haoti\Documents\GitHub\blockgamev2\src\ReplicatedStorage\EntityMovers\MoveTo.lua", "Lua", 0, 58, 0, 0, 2, 0, 60
"c:\Users\haoti\Documents\GitHub\blockgamev2\src\ReplicatedStorage\EntityMovers\init.lua", "Lua", 0, 5, 0, 0, 0, 0, 5
"c:\Users\haoti\Documents\GitHub\blockgamev2\src\ReplicatedStorage\Events\DoSmt.model.json", "JSON", 3, 0, 0, 0, 0, 1, 4
"c:\Users\haoti\Documents\GitHub\blockgamev2\src\ReplicatedStorage\Events\EntityUpdater.model.json", "JSON", 3, 0, 0, 0, 0, 1, 4
"c:\Users\haoti\Documents\GitHub\blockgamev2\src\ReplicatedStorage\Events\GetChunk.model.json", "JSON", 3, 0, 0, 0, 0, 1, 4
"c:\Users\haoti\Documents\GitHub\blockgamev2\src\ReplicatedStorage\Events\KB.model.json", "JSON", 3, 0, 0, 0, 0, 1, 4
"c:\Users\haoti\Documents\GitHub\blockgamev2\src\ReplicatedStorage\Events\OnDeath.model.json", "JSON", 3, 0, 0, 0, 0, 1, 4
"c:\Users\haoti\Documents\GitHub\blockgamev2\src\ReplicatedStorage\Events\Respawn.model.json", "JSON", 3, 0, 0, 0, 0, 1, 4
"c:\Users\haoti\Documents\GitHub\blockgamev2\src\ReplicatedStorage\Events\SendEntities.model.json", "JSON", 3, 0, 0, 0, 0, 1, 4
"c:\Users\haoti\Documents\GitHub\blockgamev2\src\ReplicatedStorage\Events\ServerFPS.model.json", "JSON", 3, 0, 0, 0, 0, 1, 4
"c:\Users\haoti\Documents\GitHub\blockgamev2\src\ReplicatedStorage\GameSettings.lua", "Lua", 0, 14, 0, 0, 0, 0, 14
"c:\Users\haoti\Documents\GitHub\blockgamev2\src\ReplicatedStorage\ItemHandler.lua", "Lua", 0, 89, 0, 0, 0, 1, 90
"c:\Users\haoti\Documents\GitHub\blockgamev2\src\ReplicatedStorage\Libarys\Bezier.lua", "Lua", 0, 168, 0, 0, 49, 87, 304
"c:\Users\haoti\Documents\GitHub\blockgamev2\src\ReplicatedStorage\Libarys\Debris.lua", "Lua", 0, 40, 0, 0, 0, 0, 40
"c:\Users\haoti\Documents\GitHub\blockgamev2\src\ReplicatedStorage\Libarys\Debugger.lua", "Lua", 0, 25, 0, 0, 9, 0, 34
"c:\Users\haoti\Documents\GitHub\blockgamev2\src\ReplicatedStorage\Libarys\DelayHandler.lua", "Lua", 0, 47, 0, 0, 0, 1, 48
"c:\Users\haoti\Documents\GitHub\blockgamev2\src\ReplicatedStorage\Libarys\EntityAttribute.lua", "Lua", 0, 81, 0, 0, 0, 0, 81
"c:\Users\haoti\Documents\GitHub\blockgamev2\src\ReplicatedStorage\Libarys\MathFunctions.lua", "Lua", 0, 109, 0, 0, 2, 1, 112
"c:\Users\haoti\Documents\GitHub\blockgamev2\src\ReplicatedStorage\Libarys\compressor.lua", "Lua", 0, 169, 0, 0, 2, 12, 183
"c:\Users\haoti\Documents\GitHub\blockgamev2\src\ReplicatedStorage\Managers\ArmsManager.lua", "Lua", 0, 168, 0, 0, 1, 1, 170
"c:\Users\haoti\Documents\GitHub\blockgamev2\src\ReplicatedStorage\Managers\CraftingManager.lua", "Lua", 0, 145, 0, 0, 3, 3, 151
"c:\Users\haoti\Documents\GitHub\blockgamev2\src\ReplicatedStorage\Managers\HotBarManager.lua", "Lua", 0, 68, 0, 0, 0, 0, 68
"c:\Users\haoti\Documents\GitHub\blockgamev2\src\ReplicatedStorage\Managers\InventoryManager.lua", "Lua", 0, 143, 0, 0, 7, 3, 153
"c:\Users\haoti\Documents\GitHub\blockgamev2\src\ReplicatedStorage\Managers\PlayerDollHandler.lua", "Lua", 0, 38, 0, 0, 0, 1, 39
"c:\Users\haoti\Documents\GitHub\blockgamev2\src\ReplicatedStorage\Managers\UIContainerManager.lua", "Lua", 0, 270, 0, 0, 2, 7, 279
"c:\Users\haoti\Documents\GitHub\blockgamev2\src\ReplicatedStorage\Managers\init.lua", "Lua", 0, 11, 0, 0, 0, 0, 11
"c:\Users\haoti\Documents\GitHub\blockgamev2\src\ReplicatedStorage\ModdingModules.lua", "Lua", 0, 19, 0, 0, 0, 1, 20
"c:\Users\haoti\Documents\GitHub\blockgamev2\src\ReplicatedStorage\MultiHandler\FunctionsToMultiThread.lua", "Lua", 0, 129, 0, 0, 2, 4, 135
"c:\Users\haoti\Documents\GitHub\blockgamev2\src\ReplicatedStorage\MultiHandler\GlobalMemory.lua", "Lua", 0, 35, 0, 0, 0, 1, 36
"c:\Users\haoti\Documents\GitHub\blockgamev2\src\ReplicatedStorage\MultiHandler\init.lua", "Lua", 0, 209, 0, 0, 11, 4, 224
"c:\Users\haoti\Documents\GitHub\blockgamev2\src\ReplicatedStorage\QuickFunctions\init.lua", "Lua", 0, 439, 0, 0, 15, 4, 458
"c:\Users\haoti\Documents\GitHub\blockgamev2\src\ReplicatedStorage\Ray.lua", "Lua", 0, 97, 0, 0, 1, 0, 98
"c:\Users\haoti\Documents\GitHub\blockgamev2\src\ReplicatedStorage\RenderStuff\Culling.lua", "Lua", 0, 140, 0, 0, 6, 2, 148
"c:\Users\haoti\Documents\GitHub\blockgamev2\src\ReplicatedStorage\RenderStuff\GreedyMesh.lua", "Lua", 0, 206, 0, 0, 0, 0, 206
"c:\Users\haoti\Documents\GitHub\blockgamev2\src\ReplicatedStorage\RenderStuff\GreedyMeshingHandler.lua", "Lua", 0, 13, 0, 0, 1, 12, 26
"c:\Users\haoti\Documents\GitHub\blockgamev2\src\ReplicatedStorage\RenderStuff\Render.lua", "Lua", 0, 320, 0, 0, 20, 5, 345
"c:\Users\haoti\Documents\GitHub\blockgamev2\src\ReplicatedStorage\ResourceHandler.lua", "Lua", 0, 87, 0, 0, 6, 2, 95
"c:\Users\haoti\Documents\GitHub\blockgamev2\src\ServerScriptService\__Init__.server.lua", "Lua", 0, 166, 0, 0, 12, 6, 184
"c:\Users\haoti\Documents\GitHub\blockgamev2\src\ServerStorage\DataStores\BlockSaver.lua", "Lua", 0, 88, 0, 0, 1, 0, 89
"c:\Users\haoti\Documents\GitHub\blockgamev2\src\ServerStorage\DataStores\init.lua", "Lua", 0, 2, 0, 0, 0, 1, 3
"c:\Users\haoti\Documents\GitHub\blockgamev2\src\ServerStorage\EntityAttributesCreator.lua", "Lua", 0, 209, 0, 0, 1, 2, 212
"c:\Users\haoti\Documents\GitHub\blockgamev2\src\ServerStorage\GenerationHandler\init.lua", "Lua", 0, 160, 0, 0, 14, 7, 181
"c:\Users\haoti\Documents\GitHub\blockgamev2\src\ServerStorage\LargeChunk.lua", "Lua", 0, 54, 0, 0, 0, 1, 55
"c:\Users\haoti\Documents\GitHub\blockgamev2\src\ServerStorage\PathFinding.lua", "Lua", 0, 253, 0, 0, 26, 13, 292
"c:\Users\haoti\Documents\GitHub\blockgamev2\src\ServerStorage\PlayerControlsHandler.lua", "Lua", 0, 34, 0, 0, 0, 2, 36
"c:\Users\haoti\Documents\GitHub\blockgamev2\src\ServerStorage\ServerStuff\Chunk.lua", "Lua", 0, 154, 0, 0, 32, 7, 193
"c:\Users\haoti\Documents\GitHub\blockgamev2\src\ServerStorage\ServerStuff\DataHandler.lua", "Lua", 0, 80, 0, 0, 59, 2, 141
"c:\Users\haoti\Documents\GitHub\blockgamev2\src\ServerStorage\ServerStuff\EntityHandler.lua", "Lua", 0, 305, 0, 0, 3, 2, 310
"c:\Users\haoti\Documents\GitHub\blockgamev2\src\StarterPlayer\StarterPlayerScripts\Controller.lua", "Lua", 0, 483, 0, 0, 16, 7, 506
"c:\Users\haoti\Documents\GitHub\blockgamev2\src\StarterPlayer\StarterPlayerScripts\PlayerSettings.lua", "Lua", 0, 0, 0, 0, 0, 1, 1
"c:\Users\haoti\Documents\GitHub\blockgamev2\src\StarterPlayer\StarterPlayerScripts\__init__.client.lua", "Lua", 0, 376, 0, 0, 7, 6, 389
"c:\Users\haoti\Documents\GitHub\blockgamev2\src\Workspace\SimplexModule.lua", "Lua", 0, 253, 0, 0, 3, 58, 314
"Total", "-", 75, 9965, 12, 2, 470, 652, 11176