"filename", "language", "Lua", "JSON", "comment", "blank", "total"
"c:\Users\haoti\Documents\GitHub\blockgamev2\src\ReplicatedStorage\AnimationController.lua", "Lua", -72, 0, 0, 0, -72
"c:\Users\haoti\Documents\GitHub\blockgamev2\src\ReplicatedStorage\BehaviorHandler.lua", "Lua", -1, 0, 0, 1, 0
"c:\Users\haoti\Documents\GitHub\blockgamev2\src\ReplicatedStorage\BehaviorHandlerV2.lua", "Lua", 99, 0, 1, 5, 105
"c:\Users\haoti\Documents\GitHub\blockgamev2\src\ReplicatedStorage\BehaviorPacksV2\Cubic\Behaviors.lua", "Lua", 15, 0, 1, 1, 17
"c:\Users\haoti\Documents\GitHub\blockgamev2\src\ReplicatedStorage\BehaviorPacksV2\Cubic\Biomes\init.lua", "Lua", 16, 0, 0, 1, 17
"c:\Users\haoti\Documents\GitHub\blockgamev2\src\ReplicatedStorage\BehaviorPacksV2\Cubic\BlockCollisionBoxes\init.lua", "Lua", 21, 0, 0, 0, 21
"c:\Users\haoti\Documents\GitHub\blockgamev2\src\ReplicatedStorage\BehaviorPacksV2\Cubic\Blocks\init.lua", "Lua", 1, 0, 0, 0, 1
"c:\Users\haoti\Documents\GitHub\blockgamev2\src\ReplicatedStorage\BehaviorPacksV2\Cubic\Crafting\init.lua", "Lua", 50, 0, 0, 6, 56
"c:\Users\haoti\Documents\GitHub\blockgamev2\src\ReplicatedStorage\BehaviorPacksV2\Cubic\Entities\Npc.lua", "Lua", 32, 0, 0, 4, 36
"c:\Users\haoti\Documents\GitHub\blockgamev2\src\ReplicatedStorage\BehaviorPacksV2\Cubic\Entities\Player.lua", "Lua", 30, 0, 0, 3, 33
"c:\Users\haoti\Documents\GitHub\blockgamev2\src\ReplicatedStorage\BehaviorPacksV2\Cubic\Entities\init.lua", "Lua", 28, 0, 0, 5, 33
"c:\Users\haoti\Documents\GitHub\blockgamev2\src\ReplicatedStorage\BehaviorPacksV2\Cubic\Features\init.lua", "Lua", 70, 0, 1, 2, 73
"c:\Users\haoti\Documents\GitHub\blockgamev2\src\ReplicatedStorage\BehaviorPacksV2\Cubic\Functions.lua", "Lua", 198, 0, 9, 3, 210
"c:\Users\haoti\Documents\GitHub\blockgamev2\src\ReplicatedStorage\BehaviorPacksV2\Cubic\Info.lua", "Lua", 2, 0, 0, 0, 2
"c:\Users\haoti\Documents\GitHub\blockgamev2\src\ReplicatedStorage\BehaviorPacksV2\Cubic\Items\init.lua", "Lua", 80, 0, 1, 6, 87
"c:\Users\haoti\Documents\GitHub\blockgamev2\src\ReplicatedStorage\BehaviorPacksV2\Cubic\WorldGeneration\c\density_function\overworld\CubicalSurface.lua", "Lua", 17, 0, 0, 0, 17
"c:\Users\haoti\Documents\GitHub\blockgamev2\src\ReplicatedStorage\BehaviorPacksV2\Cubic\WorldGeneration\c\density_function\overworld\base_3d_noise.lua", "Lua", 8, 0, 0, 0, 8
"c:\Users\haoti\Documents\GitHub\blockgamev2\src\ReplicatedStorage\BehaviorPacksV2\Cubic\WorldGeneration\c\density_function\overworld\continents.lua", "Lua", 13, 0, 0, 0, 13
"c:\Users\haoti\Documents\GitHub\blockgamev2\src\ReplicatedStorage\BehaviorPacksV2\Cubic\WorldGeneration\c\density_function\overworld\depth.lua", "Lua", 18, 0, 0, 0, 18
"c:\Users\haoti\Documents\GitHub\blockgamev2\src\ReplicatedStorage\BehaviorPacksV2\Cubic\WorldGeneration\c\density_function\overworld\erosion.lua", "Lua", 13, 0, 0, 0, 13
"c:\Users\haoti\Documents\GitHub\blockgamev2\src\ReplicatedStorage\BehaviorPacksV2\Cubic\WorldGeneration\c\density_function\overworld\factor.lua", "Lua", 709, 0, 0, 0, 709
"c:\Users\haoti\Documents\GitHub\blockgamev2\src\ReplicatedStorage\BehaviorPacksV2\Cubic\WorldGeneration\c\density_function\overworld\jaggedness.lua", "Lua", 246, 0, 0, 0, 246
"c:\Users\haoti\Documents\GitHub\blockgamev2\src\ReplicatedStorage\BehaviorPacksV2\Cubic\WorldGeneration\c\density_function\overworld\offset.lua", "Lua", 1200, 0, 0, 1, 1201
"c:\Users\haoti\Documents\GitHub\blockgamev2\src\ReplicatedStorage\BehaviorPacksV2\Cubic\WorldGeneration\c\density_function\overworld\ridges.lua", "Lua", 13, 0, 0, 0, 13
"c:\Users\haoti\Documents\GitHub\blockgamev2\src\ReplicatedStorage\BehaviorPacksV2\Cubic\WorldGeneration\c\density_function\overworld\ridges_folded.lua", "Lua", 19, 0, 0, 0, 19
"c:\Users\haoti\Documents\GitHub\blockgamev2\src\ReplicatedStorage\BehaviorPacksV2\Cubic\WorldGeneration\c\density_function\overworld\sloped_cheese.lua", "Lua", 32, 0, 0, 0, 32
"c:\Users\haoti\Documents\GitHub\blockgamev2\src\ReplicatedStorage\BehaviorPacksV2\Cubic\WorldGeneration\c\density_function\shift_x.lua", "Lua", 10, 0, 0, 0, 10
"c:\Users\haoti\Documents\GitHub\blockgamev2\src\ReplicatedStorage\BehaviorPacksV2\Cubic\WorldGeneration\c\density_function\shift_z.lua", "Lua", 10, 0, 0, 0, 10
"c:\Users\haoti\Documents\GitHub\blockgamev2\src\ReplicatedStorage\BehaviorPacksV2\Cubic\WorldGeneration\c\density_function\y.lua", "Lua", 7, 0, 0, 0, 7
"c:\Users\haoti\Documents\GitHub\blockgamev2\src\ReplicatedStorage\BehaviorPacksV2\Cubic\WorldGeneration\c\density_function\zero.lua", "Lua", 1, 0, 0, 0, 1
"c:\Users\haoti\Documents\GitHub\blockgamev2\src\ReplicatedStorage\BehaviorPacksV2\Cubic\WorldGeneration\c\noise.lua", "Lua", 41, 0, 0, 1, 42
"c:\Users\haoti\Documents\GitHub\blockgamev2\src\ReplicatedStorage\BehaviorPacksV2\Cubic\WorldGeneration\c\noise_settings\overworld.lua", "Lua", 273, 0, 0, 4, 277
"c:\Users\haoti\Documents\GitHub\blockgamev2\src\ReplicatedStorage\BehaviorPacks\Cubic\Entities\Player.lua", "Lua", 2, 0, 0, 0, 2
"c:\Users\haoti\Documents\GitHub\blockgamev2\src\ReplicatedStorage\Chunk.lua", "Lua", -1, 0, 0, 1, 0
"c:\Users\haoti\Documents\GitHub\blockgamev2\src\ReplicatedStorage\CollisonHandler.lua", "Lua", -262, 0, -24, 0, -286
"c:\Users\haoti\Documents\GitHub\blockgamev2\src\ReplicatedStorage\ConversionUtils.lua", "Lua", -16, 0, -1, 0, -17
"c:\Users\haoti\Documents\GitHub\blockgamev2\src\ReplicatedStorage\EntityHandler.lua", "Lua", -1242, 0, -44, -16, -1302
"c:\Users\haoti\Documents\GitHub\blockgamev2\src\ReplicatedStorage\EntityHandlerV2\Animator.lua", "Lua", 93, 0, -6, 1, 88
"c:\Users\haoti\Documents\GitHub\blockgamev2\src\ReplicatedStorage\EntityHandlerV2\EntityCollisionHandler.lua", "Lua", 299, 0, 3, 11, 313
"c:\Users\haoti\Documents\GitHub\blockgamev2\src\ReplicatedStorage\EntityHandlerV2\EntityReplicator\AnimatorR.lua", "Lua", 81, 0, 0, 0, 81
"c:\Users\haoti\Documents\GitHub\blockgamev2\src\ReplicatedStorage\EntityHandlerV2\EntityReplicator\Client.lua", "Lua", 54, 0, 2, 2, 58
"c:\Users\haoti\Documents\GitHub\blockgamev2\src\ReplicatedStorage\EntityHandlerV2\EntityReplicator\EntityTCP.model.json", "JSON", 0, 3, 0, 1, 4
"c:\Users\haoti\Documents\GitHub\blockgamev2\src\ReplicatedStorage\EntityHandlerV2\EntityReplicator\EntityTaskReplicator.lua", "Lua", 50, 0, 0, 4, 54
"c:\Users\haoti\Documents\GitHub\blockgamev2\src\ReplicatedStorage\EntityHandlerV2\EntityReplicator\EntityUDP.model.json", "JSON", 0, 3, 0, 1, 4
"c:\Users\haoti\Documents\GitHub\blockgamev2\src\ReplicatedStorage\EntityHandlerV2\EntityReplicator\ReplicatorUtils.lua", "Lua", 30, 0, 6, 3, 39
"c:\Users\haoti\Documents\GitHub\blockgamev2\src\ReplicatedStorage\EntityHandlerV2\EntityReplicator\Server.lua", "Lua", 2, 0, 0, 0, 2
"c:\Users\haoti\Documents\GitHub\blockgamev2\src\ReplicatedStorage\EntityHandlerV2\EntityReplicator\TaskReplicator.lua", "Lua", 86, 0, 0, 5, 91
"c:\Users\haoti\Documents\GitHub\blockgamev2\src\ReplicatedStorage\EntityHandlerV2\Render.lua", "Lua", 4, 0, -1, 2, 5
"c:\Users\haoti\Documents\GitHub\blockgamev2\src\ReplicatedStorage\EntityHandlerV2\Updater.lua", "Lua", 17, 0, 0, 1, 18
"c:\Users\haoti\Documents\GitHub\blockgamev2\src\ReplicatedStorage\EntityHandlerV2\Utils.lua", "Lua", -172, 0, 2, -8, -178
"c:\Users\haoti\Documents\GitHub\blockgamev2\src\ReplicatedStorage\EntityHandlerV2\init.lua", "Lua", 77, 0, -3, 3, 77
"c:\Users\haoti\Documents\GitHub\blockgamev2\src\ReplicatedStorage\EntityMovers\Curve.lua", "Lua", -79, 0, -7, -1, -87
"c:\Users\haoti\Documents\GitHub\blockgamev2\src\ReplicatedStorage\EntityMovers\MoveTo.lua", "Lua", -58, 0, -2, 0, -60
"c:\Users\haoti\Documents\GitHub\blockgamev2\src\ReplicatedStorage\EntityMovers\init.lua", "Lua", -5, 0, 0, 0, -5
"c:\Users\haoti\Documents\GitHub\blockgamev2\src\ReplicatedStorage\ItemHandler.lua", "Lua", -94, 0, 0, -1, -95
"c:\Users\haoti\Documents\GitHub\blockgamev2\src\ReplicatedStorage\Libarys\BlockPool.lua", "Lua", -113, 0, -2, -5, -120
"c:\Users\haoti\Documents\GitHub\blockgamev2\src\ReplicatedStorage\Libarys\EntityAttribute.lua", "Lua", -153, 0, -5, 0, -158
"c:\Users\haoti\Documents\GitHub\blockgamev2\src\ReplicatedStorage\Libarys\PlayerControls.lua", "Lua", -73, 0, 0, -5, -78
"c:\Users\haoti\Documents\GitHub\blockgamev2\src\ReplicatedStorage\Libarys\ProxyTable.lua", "Lua", -64, 0, 0, 0, -64
"c:\Users\haoti\Documents\GitHub\blockgamev2\src\ReplicatedStorage\Libarys\RotationData.lua", "Lua", -179, 0, 0, 0, -179
"c:\Users\haoti\Documents\GitHub\blockgamev2\src\ReplicatedStorage\Libarys\Signal.lua", "Lua", 0, 0, 1, -1, 0
"c:\Users\haoti\Documents\GitHub\blockgamev2\src\ReplicatedStorage\Libarys\lualzw.lua", "Lua", -146, 0, -1, -18, -165
"c:\Users\haoti\Documents\GitHub\blockgamev2\src\ReplicatedStorage\Managers\ArmsManager.lua", "Lua", -188, 0, -1, -3, -192
"c:\Users\haoti\Documents\GitHub\blockgamev2\src\ReplicatedStorage\Managers\CraftingManager.lua", "Lua", -144, 0, -3, -3, -150
"c:\Users\haoti\Documents\GitHub\blockgamev2\src\ReplicatedStorage\Managers\HotBarManager.lua", "Lua", -68, 0, 0, 0, -68
"c:\Users\haoti\Documents\GitHub\blockgamev2\src\ReplicatedStorage\Managers\InventoryManager.lua", "Lua", -129, 0, -18, -3, -150
"c:\Users\haoti\Documents\GitHub\blockgamev2\src\ReplicatedStorage\Managers\PlayerDollHandler.lua", "Lua", -38, 0, 0, -1, -39
"c:\Users\haoti\Documents\GitHub\blockgamev2\src\ReplicatedStorage\Managers\UIContainerManager.lua", "Lua", -311, 0, -2, -9, -322
"c:\Users\haoti\Documents\GitHub\blockgamev2\src\ReplicatedStorage\Managers\init.lua", "Lua", -11, 0, 0, 0, -11
"c:\Users\haoti\Documents\GitHub\blockgamev2\src\ReplicatedStorage\Ray.lua", "Lua", -98, 0, -1, 0, -99
"c:\Users\haoti\Documents\GitHub\blockgamev2\src\ReplicatedStorage\ResourceHandler.lua", "Lua", -5, 0, 0, 2, -3
"c:\Users\haoti\Documents\GitHub\blockgamev2\src\ReplicatedStorage\Utils\BlockUtils.lua", "Lua", 3, 0, 0, 2, 5
"c:\Users\haoti\Documents\GitHub\blockgamev2\src\ReplicatedStorage\Utils\ConversionUtils.lua", "Lua", 16, 0, 1, 0, 17
"c:\Users\haoti\Documents\GitHub\blockgamev2\src\ReplicatedStorage\Utils\EntityUtils.lua", "Lua", 1, 0, 0, 0, 1
"c:\Users\haoti\Documents\GitHub\blockgamev2\src\ReplicatedStorage\Utils\RotationUtils.lua", "Lua", 179, 0, 0, 0, 179
"c:\Users\haoti\Documents\GitHub\blockgamev2\src\ReplicatedStorage\core\BlockPool.lua", "Lua", 119, 0, 1, 21, 141
"c:\Users\haoti\Documents\GitHub\blockgamev2\src\ReplicatedStorage\core\init.lua", "Lua", 38, 0, 0, 3, 41
"c:\Users\haoti\Documents\GitHub\blockgamev2\src\ServerScriptService\__Init__.server.lua", "Lua", -85, 0, 6, 5, -74
"c:\Users\haoti\Documents\GitHub\blockgamev2\src\ServerScriptService\__init2__.server.lua", "Lua", 22, 0, 0, 0, 22
"c:\Users\haoti\Documents\GitHub\blockgamev2\src\ServerStorage\EntityAttributesCreator.lua", "Lua", -218, 0, -10, -3, -231
"c:\Users\haoti\Documents\GitHub\blockgamev2\src\ServerStorage\GenerationMultiHandler.lua", "Lua", -45, 0, -15, -6, -66
"c:\Users\haoti\Documents\GitHub\blockgamev2\src\ServerStorage\ServerEntity\EntityBehaviorHandler.lua", "Lua", 106, 0, 0, 2, 108
"c:\Users\haoti\Documents\GitHub\blockgamev2\src\ServerStorage\ServerEntity\EntityReplicatorServer.lua", "Lua", 238, 0, 6, 4, 248
"c:\Users\haoti\Documents\GitHub\blockgamev2\src\ServerStorage\ServerStuff\EntityHandler.lua", "Lua", -374, 0, -8, -2, -384
"c:\Users\haoti\Documents\GitHub\blockgamev2\src\ServerStorage\ServerStuff\EntityReplicatorServer.lua", "Lua", -194, 0, -8, -4, -206
"c:\Users\haoti\Documents\GitHub\blockgamev2\src\StarterPlayer\StarterPlayerScripts\ControllerOLD.lua", "Lua", -510, 0, -12, -6, -528
"c:\Users\haoti\Documents\GitHub\blockgamev2\src\StarterPlayer\StarterPlayerScripts\Controller\init.lua", "Lua", 67, 0, 0, 2, 69
"c:\Users\haoti\Documents\GitHub\blockgamev2\src\StarterPlayer\StarterPlayerScripts\InputHandler\TempSignal.lua", "Lua", 41, 0, 0, 3, 44
"c:\Users\haoti\Documents\GitHub\blockgamev2\src\StarterPlayer\StarterPlayerScripts\InputHandler\init.lua", "Lua", 140, 0, 0, 2, 142
"c:\Users\haoti\Documents\GitHub\blockgamev2\src\StarterPlayer\StarterPlayerScripts\PlayerSettings.lua", "Lua", 0, 0, 0, -1, -1
"c:\Users\haoti\Documents\GitHub\blockgamev2\src\StarterPlayer\StarterPlayerScripts\PlayerSettings\KeybindHelper\DeafultKeys.lua", "Lua", 34, 0, 3, 3, 40
"c:\Users\haoti\Documents\GitHub\blockgamev2\src\StarterPlayer\StarterPlayerScripts\PlayerSettings\KeybindHelper\init.lua", "Lua", 87, 0, 0, 0, 87
"c:\Users\haoti\Documents\GitHub\blockgamev2\src\StarterPlayer\StarterPlayerScripts\Test\EntityHandlerV2.lua", "Lua", 1, 0, 2, 0, 3
"c:\Users\haoti\Documents\GitHub\blockgamev2\src\StarterPlayer\StarterPlayerScripts\__init__.client.lua", "Lua", -324, 0, -24, -1, -349
"c:\Users\haoti\Documents\GitHub\blockgamev2\src\StarterPlayer\StarterPlayerScripts\__init__v2.client.lua", "Lua", 9, 0, 7, 4, 20
"Total", "-", -304, 6, -145, 34, -409