"filename", "language", "Lua", "Markdown", "Log", "JSON", "comment", "blank", "total"
"c:\Users\haoti\Documents\GitHub\blockgamev2\README.md", "Markdown", 0, 12, 0, 0, 0, 5, 17
"c:\Users\haoti\Documents\GitHub\blockgamev2\default.project.json", "JSON", 0, 0, 0, 48, 0, 0, 48
"c:\Users\haoti\Documents\GitHub\blockgamev2\rbxlx-to-rojo.log", "Log", 0, 0, 2, 0, 0, 1, 3
"c:\Users\haoti\Documents\GitHub\blockgamev2\src\ReplicatedStorage\BehaviorHandler.lua", "Lua", 184, 0, 0, 0, 2, 1, 187
"c:\Users\haoti\Documents\GitHub\blockgamev2\src\ReplicatedStorage\BehaviorHandlerV2.lua", "Lua", 99, 0, 0, 0, 1, 5, 105
"c:\Users\haoti\Documents\GitHub\blockgamev2\src\ReplicatedStorage\BehaviorPacksV2\Cubic\Behaviors.lua", "Lua", 15, 0, 0, 0, 1, 1, 17
"c:\Users\haoti\Documents\GitHub\blockgamev2\src\ReplicatedStorage\BehaviorPacksV2\Cubic\Biomes\init.lua", "Lua", 16, 0, 0, 0, 0, 1, 17
"c:\Users\haoti\Documents\GitHub\blockgamev2\src\ReplicatedStorage\BehaviorPacksV2\Cubic\BlockCollisionBoxes\init.lua", "Lua", 21, 0, 0, 0, 0, 0, 21
"c:\Users\haoti\Documents\GitHub\blockgamev2\src\ReplicatedStorage\BehaviorPacksV2\Cubic\Blocks\init.lua", "Lua", 1, 0, 0, 0, 0, 0, 1
"c:\Users\haoti\Documents\GitHub\blockgamev2\src\ReplicatedStorage\BehaviorPacksV2\Cubic\Crafting\init.lua", "Lua", 50, 0, 0, 0, 0, 6, 56
"c:\Users\haoti\Documents\GitHub\blockgamev2\src\ReplicatedStorage\BehaviorPacksV2\Cubic\Entities\Npc.lua", "Lua", 32, 0, 0, 0, 0, 4, 36
"c:\Users\haoti\Documents\GitHub\blockgamev2\src\ReplicatedStorage\BehaviorPacksV2\Cubic\Entities\Player.lua", "Lua", 30, 0, 0, 0, 0, 3, 33
"c:\Users\haoti\Documents\GitHub\blockgamev2\src\ReplicatedStorage\BehaviorPacksV2\Cubic\Entities\init.lua", "Lua", 28, 0, 0, 0, 0, 5, 33
"c:\Users\haoti\Documents\GitHub\blockgamev2\src\ReplicatedStorage\BehaviorPacksV2\Cubic\Features\init.lua", "Lua", 70, 0, 0, 0, 1, 2, 73
"c:\Users\haoti\Documents\GitHub\blockgamev2\src\ReplicatedStorage\BehaviorPacksV2\Cubic\Functions.lua", "Lua", 198, 0, 0, 0, 9, 3, 210
"c:\Users\haoti\Documents\GitHub\blockgamev2\src\ReplicatedStorage\BehaviorPacksV2\Cubic\Info.lua", "Lua", 2, 0, 0, 0, 0, 0, 2
"c:\Users\haoti\Documents\GitHub\blockgamev2\src\ReplicatedStorage\BehaviorPacksV2\Cubic\Items\init.lua", "Lua", 80, 0, 0, 0, 1, 6, 87
"c:\Users\haoti\Documents\GitHub\blockgamev2\src\ReplicatedStorage\BehaviorPacksV2\Cubic\WorldGeneration\c\density_function\overworld\CubicalSurface.lua", "Lua", 17, 0, 0, 0, 0, 0, 17
"c:\Users\haoti\Documents\GitHub\blockgamev2\src\ReplicatedStorage\BehaviorPacksV2\Cubic\WorldGeneration\c\density_function\overworld\base_3d_noise.lua", "Lua", 8, 0, 0, 0, 0, 0, 8
"c:\Users\haoti\Documents\GitHub\blockgamev2\src\ReplicatedStorage\BehaviorPacksV2\Cubic\WorldGeneration\c\density_function\overworld\continents.lua", "Lua", 13, 0, 0, 0, 0, 0, 13
"c:\Users\haoti\Documents\GitHub\blockgamev2\src\ReplicatedStorage\BehaviorPacksV2\Cubic\WorldGeneration\c\density_function\overworld\depth.lua", "Lua", 18, 0, 0, 0, 0, 0, 18
"c:\Users\haoti\Documents\GitHub\blockgamev2\src\ReplicatedStorage\BehaviorPacksV2\Cubic\WorldGeneration\c\density_function\overworld\erosion.lua", "Lua", 13, 0, 0, 0, 0, 0, 13
"c:\Users\haoti\Documents\GitHub\blockgamev2\src\ReplicatedStorage\BehaviorPacksV2\Cubic\WorldGeneration\c\density_function\overworld\factor.lua", "Lua", 709, 0, 0, 0, 0, 0, 709
"c:\Users\haoti\Documents\GitHub\blockgamev2\src\ReplicatedStorage\BehaviorPacksV2\Cubic\WorldGeneration\c\density_function\overworld\jaggedness.lua", "Lua", 246, 0, 0, 0, 0, 0, 246
"c:\Users\haoti\Documents\GitHub\blockgamev2\src\ReplicatedStorage\BehaviorPacksV2\Cubic\WorldGeneration\c\density_function\overworld\offset.lua", "Lua", 1200, 0, 0, 0, 0, 1, 1201
"c:\Users\haoti\Documents\GitHub\blockgamev2\src\ReplicatedStorage\BehaviorPacksV2\Cubic\WorldGeneration\c\density_function\overworld\ridges.lua", "Lua", 13, 0, 0, 0, 0, 0, 13
"c:\Users\haoti\Documents\GitHub\blockgamev2\src\ReplicatedStorage\BehaviorPacksV2\Cubic\WorldGeneration\c\density_function\overworld\ridges_folded.lua", "Lua", 19, 0, 0, 0, 0, 0, 19
"c:\Users\haoti\Documents\GitHub\blockgamev2\src\ReplicatedStorage\BehaviorPacksV2\Cubic\WorldGeneration\c\density_function\overworld\sloped_cheese.lua", "Lua", 32, 0, 0, 0, 0, 0, 32
"c:\Users\haoti\Documents\GitHub\blockgamev2\src\ReplicatedStorage\BehaviorPacksV2\Cubic\WorldGeneration\c\density_function\shift_x.lua", "Lua", 10, 0, 0, 0, 0, 0, 10
"c:\Users\haoti\Documents\GitHub\blockgamev2\src\ReplicatedStorage\BehaviorPacksV2\Cubic\WorldGeneration\c\density_function\shift_z.lua", "Lua", 10, 0, 0, 0, 0, 0, 10
"c:\Users\haoti\Documents\GitHub\blockgamev2\src\ReplicatedStorage\BehaviorPacksV2\Cubic\WorldGeneration\c\density_function\y.lua", "Lua", 7, 0, 0, 0, 0, 0, 7
"c:\Users\haoti\Documents\GitHub\blockgamev2\src\ReplicatedStorage\BehaviorPacksV2\Cubic\WorldGeneration\c\density_function\zero.lua", "Lua", 1, 0, 0, 0, 0, 0, 1
"c:\Users\haoti\Documents\GitHub\blockgamev2\src\ReplicatedStorage\BehaviorPacksV2\Cubic\WorldGeneration\c\noise.lua", "Lua", 41, 0, 0, 0, 0, 1, 42
"c:\Users\haoti\Documents\GitHub\blockgamev2\src\ReplicatedStorage\BehaviorPacksV2\Cubic\WorldGeneration\c\noise_settings\overworld.lua", "Lua", 273, 0, 0, 0, 0, 4, 277
"c:\Users\haoti\Documents\GitHub\blockgamev2\src\ReplicatedStorage\BehaviorPacks\Cubic\Behaviors.lua", "Lua", 84, 0, 0, 0, 1, 0, 85
"c:\Users\haoti\Documents\GitHub\blockgamev2\src\ReplicatedStorage\BehaviorPacks\Cubic\Biomes\init.lua", "Lua", 16, 0, 0, 0, 0, 1, 17
"c:\Users\haoti\Documents\GitHub\blockgamev2\src\ReplicatedStorage\BehaviorPacks\Cubic\BlockHitboxes\init.lua", "Lua", 21, 0, 0, 0, 0, 0, 21
"c:\Users\haoti\Documents\GitHub\blockgamev2\src\ReplicatedStorage\BehaviorPacks\Cubic\Blocks\init.lua", "Lua", 133, 0, 0, 0, 1, 19, 153
"c:\Users\haoti\Documents\GitHub\blockgamev2\src\ReplicatedStorage\BehaviorPacks\Cubic\Components.lua", "Lua", 23, 0, 0, 0, 0, 2, 25
"c:\Users\haoti\Documents\GitHub\blockgamev2\src\ReplicatedStorage\BehaviorPacks\Cubic\Crafting\init.lua", "Lua", 50, 0, 0, 0, 0, 6, 56
"c:\Users\haoti\Documents\GitHub\blockgamev2\src\ReplicatedStorage\BehaviorPacks\Cubic\Entities\Npc.lua", "Lua", 54, 0, 0, 0, 0, 2, 56
"c:\Users\haoti\Documents\GitHub\blockgamev2\src\ReplicatedStorage\BehaviorPacks\Cubic\Entities\Player.lua", "Lua", 39, 0, 0, 0, 0, 4, 43
"c:\Users\haoti\Documents\GitHub\blockgamev2\src\ReplicatedStorage\BehaviorPacks\Cubic\Entities\init.lua", "Lua", 28, 0, 0, 0, 0, 5, 33
"c:\Users\haoti\Documents\GitHub\blockgamev2\src\ReplicatedStorage\BehaviorPacks\Cubic\Features\init.lua", "Lua", 70, 0, 0, 0, 1, 2, 73
"c:\Users\haoti\Documents\GitHub\blockgamev2\src\ReplicatedStorage\BehaviorPacks\Cubic\Functions.lua", "Lua", 198, 0, 0, 0, 9, 3, 210
"c:\Users\haoti\Documents\GitHub\blockgamev2\src\ReplicatedStorage\BehaviorPacks\Cubic\Info.lua", "Lua", 2, 0, 0, 0, 0, 0, 2
"c:\Users\haoti\Documents\GitHub\blockgamev2\src\ReplicatedStorage\BehaviorPacks\Cubic\ItemTypes.lua", "Lua", 52, 0, 0, 0, 2, 3, 57
"c:\Users\haoti\Documents\GitHub\blockgamev2\src\ReplicatedStorage\BehaviorPacks\Cubic\Items\init.lua", "Lua", 80, 0, 0, 0, 1, 6, 87
"c:\Users\haoti\Documents\GitHub\blockgamev2\src\ReplicatedStorage\BehaviorPacks\Cubic\Server.lua", "Lua", 37, 0, 0, 0, 1, 2, 40
"c:\Users\haoti\Documents\GitHub\blockgamev2\src\ReplicatedStorage\BehaviorPacks\Cubic\WorldGeneration\c\density_function\overworld\CubicalSurface.lua", "Lua", 17, 0, 0, 0, 0, 0, 17
"c:\Users\haoti\Documents\GitHub\blockgamev2\src\ReplicatedStorage\BehaviorPacks\Cubic\WorldGeneration\c\density_function\overworld\base_3d_noise.lua", "Lua", 8, 0, 0, 0, 0, 0, 8
"c:\Users\haoti\Documents\GitHub\blockgamev2\src\ReplicatedStorage\BehaviorPacks\Cubic\WorldGeneration\c\density_function\overworld\continents.lua", "Lua", 13, 0, 0, 0, 0, 0, 13
"c:\Users\haoti\Documents\GitHub\blockgamev2\src\ReplicatedStorage\BehaviorPacks\Cubic\WorldGeneration\c\density_function\overworld\depth.lua", "Lua", 18, 0, 0, 0, 0, 0, 18
"c:\Users\haoti\Documents\GitHub\blockgamev2\src\ReplicatedStorage\BehaviorPacks\Cubic\WorldGeneration\c\density_function\overworld\erosion.lua", "Lua", 13, 0, 0, 0, 0, 0, 13
"c:\Users\haoti\Documents\GitHub\blockgamev2\src\ReplicatedStorage\BehaviorPacks\Cubic\WorldGeneration\c\density_function\overworld\factor.lua", "Lua", 709, 0, 0, 0, 0, 0, 709
"c:\Users\haoti\Documents\GitHub\blockgamev2\src\ReplicatedStorage\BehaviorPacks\Cubic\WorldGeneration\c\density_function\overworld\jaggedness.lua", "Lua", 246, 0, 0, 0, 0, 0, 246
"c:\Users\haoti\Documents\GitHub\blockgamev2\src\ReplicatedStorage\BehaviorPacks\Cubic\WorldGeneration\c\density_function\overworld\offset.lua", "Lua", 1200, 0, 0, 0, 0, 1, 1201
"c:\Users\haoti\Documents\GitHub\blockgamev2\src\ReplicatedStorage\BehaviorPacks\Cubic\WorldGeneration\c\density_function\overworld\ridges.lua", "Lua", 13, 0, 0, 0, 0, 0, 13
"c:\Users\haoti\Documents\GitHub\blockgamev2\src\ReplicatedStorage\BehaviorPacks\Cubic\WorldGeneration\c\density_function\overworld\ridges_folded.lua", "Lua", 19, 0, 0, 0, 0, 0, 19
"c:\Users\haoti\Documents\GitHub\blockgamev2\src\ReplicatedStorage\BehaviorPacks\Cubic\WorldGeneration\c\density_function\overworld\sloped_cheese.lua", "Lua", 32, 0, 0, 0, 0, 0, 32
"c:\Users\haoti\Documents\GitHub\blockgamev2\src\ReplicatedStorage\BehaviorPacks\Cubic\WorldGeneration\c\density_function\shift_x.lua", "Lua", 10, 0, 0, 0, 0, 0, 10
"c:\Users\haoti\Documents\GitHub\blockgamev2\src\ReplicatedStorage\BehaviorPacks\Cubic\WorldGeneration\c\density_function\shift_z.lua", "Lua", 10, 0, 0, 0, 0, 0, 10
"c:\Users\haoti\Documents\GitHub\blockgamev2\src\ReplicatedStorage\BehaviorPacks\Cubic\WorldGeneration\c\density_function\y.lua", "Lua", 7, 0, 0, 0, 0, 0, 7
"c:\Users\haoti\Documents\GitHub\blockgamev2\src\ReplicatedStorage\BehaviorPacks\Cubic\WorldGeneration\c\density_function\zero.lua", "Lua", 1, 0, 0, 0, 0, 0, 1
"c:\Users\haoti\Documents\GitHub\blockgamev2\src\ReplicatedStorage\BehaviorPacks\Cubic\WorldGeneration\c\noise.lua", "Lua", 41, 0, 0, 0, 0, 1, 42
"c:\Users\haoti\Documents\GitHub\blockgamev2\src\ReplicatedStorage\BehaviorPacks\Cubic\WorldGeneration\c\noise_settings\overworld.lua", "Lua", 273, 0, 0, 0, 0, 4, 277
"c:\Users\haoti\Documents\GitHub\blockgamev2\src\ReplicatedStorage\BridgeNet\Bridge.lua", "Lua", 19, 0, 0, 0, 0, 2, 21
"c:\Users\haoti\Documents\GitHub\blockgamev2\src\ReplicatedStorage\BridgeNet\ClientBridge.lua", "Lua", 351, 0, 0, 0, 12, 88, 451
"c:\Users\haoti\Documents\GitHub\blockgamev2\src\ReplicatedStorage\BridgeNet\CreateBridgeTree.lua", "Lua", 45, 0, 0, 0, 0, 13, 58
"c:\Users\haoti\Documents\GitHub\blockgamev2\src\ReplicatedStorage\BridgeNet\SerdesLayer.lua", "Lua", 173, 0, 0, 0, 9, 51, 233
"c:\Users\haoti\Documents\GitHub\blockgamev2\src\ReplicatedStorage\BridgeNet\ServerBridge.lua", "Lua", 636, 0, 0, 0, 24, 126, 786
"c:\Users\haoti\Documents\GitHub\blockgamev2\src\ReplicatedStorage\BridgeNet\init.lua", "Lua", 148, 0, 0, 0, 9, 37, 194
"c:\Users\haoti\Documents\GitHub\blockgamev2\src\ReplicatedStorage\Chunk.lua", "Lua", 276, 0, 0, 0, 0, 6, 282
"c:\Users\haoti\Documents\GitHub\blockgamev2\src\ReplicatedStorage\CollisonHandler.lua", "Lua", 370, 0, 0, 0, 12, 20, 402
"c:\Users\haoti\Documents\GitHub\blockgamev2\src\ReplicatedStorage\DataHandler\DoFunc.model.json", "JSON", 0, 0, 0, 3, 0, 1, 4
"c:\Users\haoti\Documents\GitHub\blockgamev2\src\ReplicatedStorage\DataHandler\LoadedEntities.lua", "Lua", 52, 0, 0, 0, 0, 1, 53
"c:\Users\haoti\Documents\GitHub\blockgamev2\src\ReplicatedStorage\DataHandler\init.lua", "Lua", 161, 0, 0, 0, 5, 3, 169
"c:\Users\haoti\Documents\GitHub\blockgamev2\src\ReplicatedStorage\Data\init.lua", "Lua", 28, 0, 0, 0, 0, 0, 28
"c:\Users\haoti\Documents\GitHub\blockgamev2\src\ReplicatedStorage\EntityHandlerV2\Animator.lua", "Lua", 151, 0, 0, 0, 0, 6, 157
"c:\Users\haoti\Documents\GitHub\blockgamev2\src\ReplicatedStorage\EntityHandlerV2\EntityCollisionHandler.lua", "Lua", 299, 0, 0, 0, 3, 11, 313
"c:\Users\haoti\Documents\GitHub\blockgamev2\src\ReplicatedStorage\EntityHandlerV2\EntityHolder.lua", "Lua", 19, 0, 0, 0, 0, 0, 19
"c:\Users\haoti\Documents\GitHub\blockgamev2\src\ReplicatedStorage\EntityHandlerV2\EntityReplicator\AnimatorR.lua", "Lua", 81, 0, 0, 0, 0, 0, 81
"c:\Users\haoti\Documents\GitHub\blockgamev2\src\ReplicatedStorage\EntityHandlerV2\EntityReplicator\Client.lua", "Lua", 212, 0, 0, 0, 3, 2, 217
"c:\Users\haoti\Documents\GitHub\blockgamev2\src\ReplicatedStorage\EntityHandlerV2\EntityReplicator\EntityTCP.model.json", "JSON", 0, 0, 0, 3, 0, 1, 4
"c:\Users\haoti\Documents\GitHub\blockgamev2\src\ReplicatedStorage\EntityHandlerV2\EntityReplicator\EntityTaskReplicator.lua", "Lua", 50, 0, 0, 0, 0, 4, 54
"c:\Users\haoti\Documents\GitHub\blockgamev2\src\ReplicatedStorage\EntityHandlerV2\EntityReplicator\EntityUDP.model.json", "JSON", 0, 0, 0, 3, 0, 1, 4
"c:\Users\haoti\Documents\GitHub\blockgamev2\src\ReplicatedStorage\EntityHandlerV2\EntityReplicator\ReplicatorUtils.lua", "Lua", 169, 0, 0, 0, 9, 8, 186
"c:\Users\haoti\Documents\GitHub\blockgamev2\src\ReplicatedStorage\EntityHandlerV2\EntityReplicator\Server.lua", "Lua", 3, 0, 0, 0, 0, 0, 3
"c:\Users\haoti\Documents\GitHub\blockgamev2\src\ReplicatedStorage\EntityHandlerV2\EntityReplicator\TaskReplicator.lua", "Lua", 86, 0, 0, 0, 0, 5, 91
"c:\Users\haoti\Documents\GitHub\blockgamev2\src\ReplicatedStorage\EntityHandlerV2\Render.lua", "Lua", 158, 0, 0, 0, 0, 5, 163
"c:\Users\haoti\Documents\GitHub\blockgamev2\src\ReplicatedStorage\EntityHandlerV2\Updater.lua", "Lua", 31, 0, 0, 0, 0, 1, 32
"c:\Users\haoti\Documents\GitHub\blockgamev2\src\ReplicatedStorage\EntityHandlerV2\Utils.lua", "Lua", 182, 0, 0, 0, 8, 6, 196
"c:\Users\haoti\Documents\GitHub\blockgamev2\src\ReplicatedStorage\EntityHandlerV2\init.lua", "Lua", 350, 0, 0, 0, 18, 10, 378
"c:\Users\haoti\Documents\GitHub\blockgamev2\src\ReplicatedStorage\Events\DoSmt.model.json", "JSON", 0, 0, 0, 3, 0, 1, 4
"c:\Users\haoti\Documents\GitHub\blockgamev2\src\ReplicatedStorage\Events\EntityUpdater.model.json", "JSON", 0, 0, 0, 3, 0, 1, 4
"c:\Users\haoti\Documents\GitHub\blockgamev2\src\ReplicatedStorage\Events\GetChunk.model.json", "JSON", 0, 0, 0, 3, 0, 1, 4
"c:\Users\haoti\Documents\GitHub\blockgamev2\src\ReplicatedStorage\Events\KB.model.json", "JSON", 0, 0, 0, 3, 0, 1, 4
"c:\Users\haoti\Documents\GitHub\blockgamev2\src\ReplicatedStorage\Events\LOAD.model.json", "JSON", 0, 0, 0, 3, 0, 1, 4
"c:\Users\haoti\Documents\GitHub\blockgamev2\src\ReplicatedStorage\Events\OnDeath.model.json", "JSON", 0, 0, 0, 3, 0, 1, 4
"c:\Users\haoti\Documents\GitHub\blockgamev2\src\ReplicatedStorage\Events\Respawn.model.json", "JSON", 0, 0, 0, 3, 0, 1, 4
"c:\Users\haoti\Documents\GitHub\blockgamev2\src\ReplicatedStorage\Events\SendEntities.model.json", "JSON", 0, 0, 0, 3, 0, 1, 4
"c:\Users\haoti\Documents\GitHub\blockgamev2\src\ReplicatedStorage\Events\ServerFPS.model.json", "JSON", 0, 0, 0, 3, 0, 1, 4
"c:\Users\haoti\Documents\GitHub\blockgamev2\src\ReplicatedStorage\GameSettings.lua", "Lua", 68, 0, 0, 0, 8, 0, 76
"c:\Users\haoti\Documents\GitHub\blockgamev2\src\ReplicatedStorage\Libarys\Debris.lua", "Lua", 53, 0, 0, 0, 0, 0, 53
"c:\Users\haoti\Documents\GitHub\blockgamev2\src\ReplicatedStorage\Libarys\ErrorHandler.lua", "Lua", 10, 0, 0, 0, 0, 0, 10
"c:\Users\haoti\Documents\GitHub\blockgamev2\src\ReplicatedStorage\Libarys\MathFunctions.lua", "Lua", 183, 0, 0, 0, 3, 8, 194
"c:\Users\haoti\Documents\GitHub\blockgamev2\src\ReplicatedStorage\Libarys\ModingRemote\init.lua", "Lua", 56, 0, 0, 0, 0, 1, 57
"c:\Users\haoti\Documents\GitHub\blockgamev2\src\ReplicatedStorage\Libarys\Signal.lua", "Lua", 58, 0, 0, 0, 2, 16, 76
"c:\Users\haoti\Documents\GitHub\blockgamev2\src\ReplicatedStorage\Libarys\compressor.lua", "Lua", 169, 0, 0, 0, 2, 12, 183
"c:\Users\haoti\Documents\GitHub\blockgamev2\src\ReplicatedStorage\ModHandler\init.lua", "Lua", 223, 0, 0, 0, 9, 29, 261
"c:\Users\haoti\Documents\GitHub\blockgamev2\src\ReplicatedStorage\QuickFunctions\init.lua", "Lua", 498, 0, 0, 0, 15, 4, 517
"c:\Users\haoti\Documents\GitHub\blockgamev2\src\ReplicatedStorage\ResourceHandler.lua", "Lua", 88, 0, 0, 0, 6, 5, 99
"c:\Users\haoti\Documents\GitHub\blockgamev2\src\ReplicatedStorage\Utils\BlockUtils.lua", "Lua", 3, 0, 0, 0, 0, 2, 5
"c:\Users\haoti\Documents\GitHub\blockgamev2\src\ReplicatedStorage\Utils\ConversionUtils.lua", "Lua", 16, 0, 0, 0, 1, 0, 17
"c:\Users\haoti\Documents\GitHub\blockgamev2\src\ReplicatedStorage\Utils\EntityUtils.lua", "Lua", 1, 0, 0, 0, 0, 0, 1
"c:\Users\haoti\Documents\GitHub\blockgamev2\src\ReplicatedStorage\Utils\RotationUtils.lua", "Lua", 179, 0, 0, 0, 0, 0, 179
"c:\Users\haoti\Documents\GitHub\blockgamev2\src\ReplicatedStorage\core\BlockPool.lua", "Lua", 119, 0, 0, 0, 1, 21, 141
"c:\Users\haoti\Documents\GitHub\blockgamev2\src\ReplicatedStorage\core\init.lua", "Lua", 38, 0, 0, 0, 0, 3, 41
"c:\Users\haoti\Documents\GitHub\blockgamev2\src\ServerScriptService\__Init__.server.lua", "Lua", 166, 0, 0, 0, 24, 13, 203
"c:\Users\haoti\Documents\GitHub\blockgamev2\src\ServerScriptService\__init2__.server.lua", "Lua", 22, 0, 0, 0, 0, 0, 22
"c:\Users\haoti\Documents\GitHub\blockgamev2\src\ServerStorage\DataStores\BlockSaver.lua", "Lua", 90, 0, 0, 0, 6, 0, 96
"c:\Users\haoti\Documents\GitHub\blockgamev2\src\ServerStorage\DataStores\init.lua", "Lua", 2, 0, 0, 0, 0, 1, 3
"c:\Users\haoti\Documents\GitHub\blockgamev2\src\ServerStorage\Deepslate\core\Holder.lua", "Lua", 32, 0, 0, 0, 0, 4, 36
"c:\Users\haoti\Documents\GitHub\blockgamev2\src\ServerStorage\Deepslate\core\Identifier.lua", "Lua", 35, 0, 0, 0, 6, 7, 48
"c:\Users\haoti\Documents\GitHub\blockgamev2\src\ServerStorage\Deepslate\core\Registry.lua", "Lua", 72, 0, 0, 0, 0, 0, 72
"c:\Users\haoti\Documents\GitHub\blockgamev2\src\ServerStorage\Deepslate\core\Storage.lua", "Lua", 22, 0, 0, 0, 0, 2, 24
"c:\Users\haoti\Documents\GitHub\blockgamev2\src\ServerStorage\Deepslate\core\init.lua", "Lua", 1, 0, 0, 0, 0, 0, 1
"c:\Users\haoti\Documents\GitHub\blockgamev2\src\ServerStorage\Deepslate\init.lua", "Lua", 10, 0, 0, 0, 0, 0, 10
"c:\Users\haoti\Documents\GitHub\blockgamev2\src\ServerStorage\Deepslate\math\CubicSpline.lua", "Lua", 176, 0, 0, 0, 5, 7, 188
"c:\Users\haoti\Documents\GitHub\blockgamev2\src\ServerStorage\Deepslate\math\Hash.lua", "Lua", 17, 0, 0, 0, 1, 3, 21
"c:\Users\haoti\Documents\GitHub\blockgamev2\src\ServerStorage\Deepslate\math\RandomObject.lua", "Lua", 33, 0, 0, 0, 0, 4, 37
"c:\Users\haoti\Documents\GitHub\blockgamev2\src\ServerStorage\Deepslate\math\Utils.lua", "Lua", 82, 0, 0, 0, 2, 9, 93
"c:\Users\haoti\Documents\GitHub\blockgamev2\src\ServerStorage\Deepslate\math\init.lua", "Lua", 7, 0, 0, 0, 0, 0, 7
"c:\Users\haoti\Documents\GitHub\blockgamev2\src\ServerStorage\Deepslate\math\noise\BlendedNoise.lua", "Lua", 68, 0, 0, 0, 0, 3, 71
"c:\Users\haoti\Documents\GitHub\blockgamev2\src\ServerStorage\Deepslate\math\noise\ImprovedNoise.lua", "Lua", 73, 0, 0, 0, 2, 10, 85
"c:\Users\haoti\Documents\GitHub\blockgamev2\src\ServerStorage\Deepslate\math\noise\NormalNoise.lua", "Lua", 30, 0, 0, 0, 0, 6, 36
"c:\Users\haoti\Documents\GitHub\blockgamev2\src\ServerStorage\Deepslate\math\noise\PerlineNoise.lua", "Lua", 65, 0, 0, 0, 1, 7, 73
"c:\Users\haoti\Documents\GitHub\blockgamev2\src\ServerStorage\Deepslate\math\noise\SimplexNoise.lua", "Lua", 124, 0, 0, 0, 0, 9, 133
"c:\Users\haoti\Documents\GitHub\blockgamev2\src\ServerStorage\Deepslate\math\noise\init.lua", "Lua", 7, 0, 0, 0, 0, 0, 7
"c:\Users\haoti\Documents\GitHub\blockgamev2\src\ServerStorage\Deepslate\worldgen\DensityFunction.lua", "Lua", 744, 0, 0, 0, 3, 61, 808
"c:\Users\haoti\Documents\GitHub\blockgamev2\src\ServerStorage\Deepslate\worldgen\NoiseGeneratorSettings.lua", "Lua", 36, 0, 0, 0, 8, 5, 49
"c:\Users\haoti\Documents\GitHub\blockgamev2\src\ServerStorage\Deepslate\worldgen\NoiseParameters.lua", "Lua", 8, 0, 0, 0, 0, 0, 8
"c:\Users\haoti\Documents\GitHub\blockgamev2\src\ServerStorage\Deepslate\worldgen\NoiseRouter.lua", "Lua", 120, 0, 0, 0, 0, 17, 137
"c:\Users\haoti\Documents\GitHub\blockgamev2\src\ServerStorage\Deepslate\worldgen\NoiseSettings.lua", "Lua", 49, 0, 0, 0, 0, 8, 57
"c:\Users\haoti\Documents\GitHub\blockgamev2\src\ServerStorage\Deepslate\worldgen\RandomState.lua", "Lua", 114, 0, 0, 0, 1, 4, 119
"c:\Users\haoti\Documents\GitHub\blockgamev2\src\ServerStorage\Deepslate\worldgen\WorldgenRegistries.lua", "Lua", 30, 0, 0, 0, 0, 0, 30
"c:\Users\haoti\Documents\GitHub\blockgamev2\src\ServerStorage\Deepslate\worldgen\biome\BiomeParser.lua", "Lua", 25, 0, 0, 0, 0, 0, 25
"c:\Users\haoti\Documents\GitHub\blockgamev2\src\ServerStorage\Deepslate\worldgen\biome\Climate.lua", "Lua", 329, 0, 0, 0, 1, 31, 361
"c:\Users\haoti\Documents\GitHub\blockgamev2\src\ServerStorage\Deepslate\worldgen\biome\FeatureParser.lua", "Lua", 78, 0, 0, 0, 18, 2, 98
"c:\Users\haoti\Documents\GitHub\blockgamev2\src\ServerStorage\Deepslate\worldgen\biome\MultiNoiseBiomeSource.lua", "Lua", 29, 0, 0, 0, 0, 2, 31
"c:\Users\haoti\Documents\GitHub\blockgamev2\src\ServerStorage\GenerationHandler\BiomeHandler.lua", "Lua", 186, 0, 0, 0, 1, 3, 190
"c:\Users\haoti\Documents\GitHub\blockgamev2\src\ServerStorage\GenerationHandler\MultiHandler.lua", "Lua", 29, 0, 0, 0, 0, 0, 29
"c:\Users\haoti\Documents\GitHub\blockgamev2\src\ServerStorage\GenerationHandler\TerrianHandler.lua", "Lua", 631, 0, 0, 0, 25, 23, 679
"c:\Users\haoti\Documents\GitHub\blockgamev2\src\ServerStorage\GenerationHandler\init.lua", "Lua", 262, 0, 0, 0, 5, 12, 279
"c:\Users\haoti\Documents\GitHub\blockgamev2\src\ServerStorage\GenerationMultiHandler.lua", "Lua", 513, 0, 0, 0, 9, 16, 538
"c:\Users\haoti\Documents\GitHub\blockgamev2\src\ServerStorage\PathFinding.lua", "Lua", 253, 0, 0, 0, 26, 13, 292
"c:\Users\haoti\Documents\GitHub\blockgamev2\src\ServerStorage\PlayerControlsHandler.lua", "Lua", 35, 0, 0, 0, 0, 2, 37
"c:\Users\haoti\Documents\GitHub\blockgamev2\src\ServerStorage\ServerEntity\EntityBehaviorHandler.lua", "Lua", 106, 0, 0, 0, 0, 2, 108
"c:\Users\haoti\Documents\GitHub\blockgamev2\src\ServerStorage\ServerEntity\EntityReplicatorServer.lua", "Lua", 238, 0, 0, 0, 6, 4, 248
"c:\Users\haoti\Documents\GitHub\blockgamev2\src\ServerStorage\ServerStuff\DataHandler.lua", "Lua", 221, 0, 0, 0, 14, 16, 251
"c:\Users\haoti\Documents\GitHub\blockgamev2\src\ServerStorage\ServerStuff\ServerChunk.lua", "Lua", 261, 0, 0, 0, 16, 4, 281
"c:\Users\haoti\Documents\GitHub\blockgamev2\src\ServerStorage\ServerStuff\SharedService.lua", "Lua", 54, 0, 0, 0, 3, 3, 60
"c:\Users\haoti\Documents\GitHub\blockgamev2\src\StarterPlayer\StarterPlayerScripts\ClientStuff\ClientChunk.lua", "Lua", 20, 0, 0, 0, 0, 1, 21
"c:\Users\haoti\Documents\GitHub\blockgamev2\src\StarterPlayer\StarterPlayerScripts\Controller\init.lua", "Lua", 71, 0, 0, 0, 0, 2, 73
"c:\Users\haoti\Documents\GitHub\blockgamev2\src\StarterPlayer\StarterPlayerScripts\InputHandler\TempSignal.lua", "Lua", 41, 0, 0, 0, 0, 3, 44
"c:\Users\haoti\Documents\GitHub\blockgamev2\src\StarterPlayer\StarterPlayerScripts\InputHandler\init.lua", "Lua", 140, 0, 0, 0, 0, 2, 142
"c:\Users\haoti\Documents\GitHub\blockgamev2\src\StarterPlayer\StarterPlayerScripts\PlayerSettings\KeybindHelper\DeafultKeys.lua", "Lua", 34, 0, 0, 0, 3, 3, 40
"c:\Users\haoti\Documents\GitHub\blockgamev2\src\StarterPlayer\StarterPlayerScripts\PlayerSettings\KeybindHelper\init.lua", "Lua", 87, 0, 0, 0, 0, 0, 87
"c:\Users\haoti\Documents\GitHub\blockgamev2\src\StarterPlayer\StarterPlayerScripts\Render\BlockHandler.lua", "Lua", 185, 0, 0, 0, 4, 1, 190
"c:\Users\haoti\Documents\GitHub\blockgamev2\src\StarterPlayer\StarterPlayerScripts\Render\ChunkShared.lua", "Lua", 59, 0, 0, 0, 1, 4, 64
"c:\Users\haoti\Documents\GitHub\blockgamev2\src\StarterPlayer\StarterPlayerScripts\Render\GreedyMesh.lua", "Lua", 203, 0, 0, 0, 3, 0, 206
"c:\Users\haoti\Documents\GitHub\blockgamev2\src\StarterPlayer\StarterPlayerScripts\Render\MultiHandler.lua", "Lua", 117, 0, 0, 0, 12, 9, 138
"c:\Users\haoti\Documents\GitHub\blockgamev2\src\StarterPlayer\StarterPlayerScripts\Render\RenderMultiFunctions.lua", "Lua", 106, 0, 0, 0, 0, 2, 108
"c:\Users\haoti\Documents\GitHub\blockgamev2\src\StarterPlayer\StarterPlayerScripts\Render\init.lua", "Lua", 220, 0, 0, 0, 9, 3, 232
"c:\Users\haoti\Documents\GitHub\blockgamev2\src\StarterPlayer\StarterPlayerScripts\ServerFpsHandler.lua", "Lua", 12, 0, 0, 0, 1, 0, 13
"c:\Users\haoti\Documents\GitHub\blockgamev2\src\StarterPlayer\StarterPlayerScripts\Test\EntityHandlerV2.lua", "Lua", 66, 0, 0, 0, 6, 1, 73
"c:\Users\haoti\Documents\GitHub\blockgamev2\src\StarterPlayer\StarterPlayerScripts\__init__.client.lua", "Lua", 87, 0, 0, 0, 5, 8, 100
"c:\Users\haoti\Documents\GitHub\blockgamev2\src\StarterPlayer\StarterPlayerScripts\__init__v2.client.lua", "Lua", 9, 0, 0, 0, 7, 4, 20
"c:\Users\haoti\Documents\GitHub\blockgamev2\src\Workspace\SimplexModule.lua", "Lua", 253, 0, 0, 0, 3, 58, 314
"Total", "-", 19980, 12, 2, 84, 427, 1042, 21547