"filename", "language", "Luau", "JSON", "Log", "Markdown", "comment", "blank", "total"
"c:\Users\haoti\Documents\GitHub\blockgamev2\README.md", "Markdown", 0, 0, 0, 12, 0, 5, 17
"c:\Users\haoti\Documents\GitHub\blockgamev2\default.project.json", "JSON", 0, 48, 0, 0, 0, 0, 48
"c:\Users\haoti\Documents\GitHub\blockgamev2\rbxlx-to-rojo.log", "Log", 0, 0, 2, 0, 0, 1, 3
"c:\Users\haoti\Documents\GitHub\blockgamev2\sourcemap.json", "JSON", 0, 1, 0, 0, 0, 0, 1
"c:\Users\haoti\Documents\GitHub\blockgamev2\src\ReplicatedStorage\BehaviorHandler.lua", "Luau", 119, 0, 0, 0, 1, 5, 125
"c:\Users\haoti\Documents\GitHub\blockgamev2\src\ReplicatedStorage\BehaviorPacks\Cubic\Behaviors.lua", "Luau", 15, 0, 0, 0, 1, 1, 17
"c:\Users\haoti\Documents\GitHub\blockgamev2\src\ReplicatedStorage\BehaviorPacks\Cubic\Biomes\init.lua", "Luau", 45, 0, 0, 0, 0, 1, 46
"c:\Users\haoti\Documents\GitHub\blockgamev2\src\ReplicatedStorage\BehaviorPacks\Cubic\BlockCollisionBoxes\init.lua", "Luau", 20, 0, 0, 0, 0, 1, 21
"c:\Users\haoti\Documents\GitHub\blockgamev2\src\ReplicatedStorage\BehaviorPacks\Cubic\Containers.lua", "Luau", 64, 0, 0, 0, 0, 5, 69
"c:\Users\haoti\Documents\GitHub\blockgamev2\src\ReplicatedStorage\BehaviorPacks\Cubic\Crafting\init.lua", "Luau", 50, 0, 0, 0, 0, 6, 56
"c:\Users\haoti\Documents\GitHub\blockgamev2\src\ReplicatedStorage\BehaviorPacks\Cubic\Entities\Npc.lua", "Luau", 32, 0, 0, 0, 0, 4, 36
"c:\Users\haoti\Documents\GitHub\blockgamev2\src\ReplicatedStorage\BehaviorPacks\Cubic\Entities\Player.lua", "Luau", 35, 0, 0, 0, 0, 3, 38
"c:\Users\haoti\Documents\GitHub\blockgamev2\src\ReplicatedStorage\BehaviorPacks\Cubic\Entities\init.lua", "Luau", 46, 0, 0, 0, 0, 8, 54
"c:\Users\haoti\Documents\GitHub\blockgamev2\src\ReplicatedStorage\BehaviorPacks\Cubic\Features\init.lua", "Luau", 70, 0, 0, 0, 1, 2, 73
"c:\Users\haoti\Documents\GitHub\blockgamev2\src\ReplicatedStorage\BehaviorPacks\Cubic\Functions.lua", "Luau", 2, 0, 0, 0, 1, 1, 4
"c:\Users\haoti\Documents\GitHub\blockgamev2\src\ReplicatedStorage\BehaviorPacks\Cubic\Info.lua", "Luau", 2, 0, 0, 0, 0, 0, 2
"c:\Users\haoti\Documents\GitHub\blockgamev2\src\ReplicatedStorage\BehaviorPacks\Cubic\Items\init.lua", "Luau", 1, 0, 0, 0, 0, 0, 1
"c:\Users\haoti\Documents\GitHub\blockgamev2\src\ReplicatedStorage\Biomes.lua", "Luau", 31, 0, 0, 0, 0, 1, 32
"c:\Users\haoti\Documents\GitHub\blockgamev2\src\ReplicatedStorage\Block\BlockPool.lua", "Luau", 68, 0, 0, 0, 0, 13, 81
"c:\Users\haoti\Documents\GitHub\blockgamev2\src\ReplicatedStorage\Block\init.lua", "Luau", 56, 0, 0, 0, 3, 3, 62
"c:\Users\haoti\Documents\GitHub\blockgamev2\src\ReplicatedStorage\BridgeNet\Bridge.lua", "Luau", 19, 0, 0, 0, 0, 2, 21
"c:\Users\haoti\Documents\GitHub\blockgamev2\src\ReplicatedStorage\BridgeNet\ClientBridge.lua", "Luau", 351, 0, 0, 0, 12, 88, 451
"c:\Users\haoti\Documents\GitHub\blockgamev2\src\ReplicatedStorage\BridgeNet\CreateBridgeTree.lua", "Luau", 45, 0, 0, 0, 0, 13, 58
"c:\Users\haoti\Documents\GitHub\blockgamev2\src\ReplicatedStorage\BridgeNet\SerdesLayer.lua", "Luau", 176, 0, 0, 0, 9, 50, 235
"c:\Users\haoti\Documents\GitHub\blockgamev2\src\ReplicatedStorage\BridgeNet\ServerBridge.lua", "Luau", 636, 0, 0, 0, 25, 126, 787
"c:\Users\haoti\Documents\GitHub\blockgamev2\src\ReplicatedStorage\BridgeNet\init.lua", "Luau", 148, 0, 0, 0, 9, 37, 194
"c:\Users\haoti\Documents\GitHub\blockgamev2\src\ReplicatedStorage\Chunk\init.lua", "Luau", 54, 0, 0, 0, 1, 5, 60
"c:\Users\haoti\Documents\GitHub\blockgamev2\src\ReplicatedStorage\CollisonHandler.lua", "Luau", 311, 0, 0, 0, 10, 22, 343
"c:\Users\haoti\Documents\GitHub\blockgamev2\src\ReplicatedStorage\Container\init.lua", "Luau", 305, 0, 0, 0, 5, 33, 343
"c:\Users\haoti\Documents\GitHub\blockgamev2\src\ReplicatedStorage\Data\init.lua", "Luau", 61, 0, 0, 0, 0, 4, 65
"c:\Users\haoti\Documents\GitHub\blockgamev2\src\ReplicatedStorage\EntityHandler\Animator.lua", "Luau", 151, 0, 0, 0, 0, 7, 158
"c:\Users\haoti\Documents\GitHub\blockgamev2\src\ReplicatedStorage\EntityHandler\EntityCollisionHandler.lua", "Luau", 301, 0, 0, 0, 3, 13, 317
"c:\Users\haoti\Documents\GitHub\blockgamev2\src\ReplicatedStorage\EntityHandler\EntityContainerManager.lua", "Luau", 66, 0, 0, 0, 0, 4, 70
"c:\Users\haoti\Documents\GitHub\blockgamev2\src\ReplicatedStorage\EntityHandler\EntityHolder.lua", "Luau", 19, 0, 0, 0, 0, 0, 19
"c:\Users\haoti\Documents\GitHub\blockgamev2\src\ReplicatedStorage\EntityHandler\EntityReplicator\AnimatorR.lua", "Luau", 81, 0, 0, 0, 0, 0, 81
"c:\Users\haoti\Documents\GitHub\blockgamev2\src\ReplicatedStorage\EntityHandler\EntityReplicator\Client.lua", "Luau", 218, 0, 0, 0, 3, 5, 226
"c:\Users\haoti\Documents\GitHub\blockgamev2\src\ReplicatedStorage\EntityHandler\EntityReplicator\EntityTCP.model.json", "JSON", 0, 3, 0, 0, 0, 1, 4
"c:\Users\haoti\Documents\GitHub\blockgamev2\src\ReplicatedStorage\EntityHandler\EntityReplicator\EntityTaskReplicator.lua", "Luau", 50, 0, 0, 0, 0, 4, 54
"c:\Users\haoti\Documents\GitHub\blockgamev2\src\ReplicatedStorage\EntityHandler\EntityReplicator\EntityUDP.model.json", "JSON", 0, 3, 0, 0, 0, 1, 4
"c:\Users\haoti\Documents\GitHub\blockgamev2\src\ReplicatedStorage\EntityHandler\EntityReplicator\ReplicatorUtils.lua", "Luau", 167, 0, 0, 0, 9, 8, 184
"c:\Users\haoti\Documents\GitHub\blockgamev2\src\ReplicatedStorage\EntityHandler\EntityReplicator\Server.lua", "Luau", 3, 0, 0, 0, 0, 0, 3
"c:\Users\haoti\Documents\GitHub\blockgamev2\src\ReplicatedStorage\EntityHandler\EntityReplicator\TaskReplicator.lua", "Luau", 85, 0, 0, 0, 0, 12, 97
"c:\Users\haoti\Documents\GitHub\blockgamev2\src\ReplicatedStorage\EntityHandler\Render.lua", "Luau", 283, 0, 0, 0, 1, 27, 311
"c:\Users\haoti\Documents\GitHub\blockgamev2\src\ReplicatedStorage\EntityHandler\Updater.lua", "Luau", 31, 0, 0, 0, 0, 1, 32
"c:\Users\haoti\Documents\GitHub\blockgamev2\src\ReplicatedStorage\EntityHandler\Utils.lua", "Luau", 181, 0, 0, 0, 8, 6, 195
"c:\Users\haoti\Documents\GitHub\blockgamev2\src\ReplicatedStorage\EntityHandler\init.lua", "Luau", 382, 0, 0, 0, 17, 53, 452
"c:\Users\haoti\Documents\GitHub\blockgamev2\src\ReplicatedStorage\Events\Chunk.model.json", "JSON", 0, 3, 0, 0, 0, 0, 3
"c:\Users\haoti\Documents\GitHub\blockgamev2\src\ReplicatedStorage\Events\Container\Request.model.json", "JSON", 0, 3, 0, 0, 0, 0, 3
"c:\Users\haoti\Documents\GitHub\blockgamev2\src\ReplicatedStorage\Events\Container\Send.model.json", "JSON", 0, 3, 0, 0, 0, 0, 3
"c:\Users\haoti\Documents\GitHub\blockgamev2\src\ReplicatedStorage\Events\Container\Update.model.json", "JSON", 0, 3, 0, 0, 0, 0, 3
"c:\Users\haoti\Documents\GitHub\blockgamev2\src\ReplicatedStorage\Events\SwapSlot.model.json", "JSON", 0, 3, 0, 0, 0, 0, 3
"c:\Users\haoti\Documents\GitHub\blockgamev2\src\ReplicatedStorage\Events\TaskUpdater.model.json", "JSON", 0, 3, 0, 0, 0, 1, 4
"c:\Users\haoti\Documents\GitHub\blockgamev2\src\ReplicatedStorage\GameSettings.lua", "Luau", 15, 0, 0, 0, 1, 2, 18
"c:\Users\haoti\Documents\GitHub\blockgamev2\src\ReplicatedStorage\Item\init.lua", "Luau", 46, 0, 0, 0, 0, 7, 53
"c:\Users\haoti\Documents\GitHub\blockgamev2\src\ReplicatedStorage\Libarys\Crafting.lua", "Luau", 159, 0, 0, 0, 3, 5, 167
"c:\Users\haoti\Documents\GitHub\blockgamev2\src\ReplicatedStorage\Libarys\DataStructures\Queue.lua", "Luau", 23, 0, 0, 0, 0, 6, 29
"c:\Users\haoti\Documents\GitHub\blockgamev2\src\ReplicatedStorage\Libarys\DataStructures\Stack.lua", "Luau", 13, 0, 0, 0, 0, 5, 18
"c:\Users\haoti\Documents\GitHub\blockgamev2\src\ReplicatedStorage\Libarys\Debris.lua", "Luau", 80, 0, 0, 0, 1, 12, 93
"c:\Users\haoti\Documents\GitHub\blockgamev2\src\ReplicatedStorage\Libarys\ErrorHandler.lua", "Luau", 10, 0, 0, 0, 0, 0, 10
"c:\Users\haoti\Documents\GitHub\blockgamev2\src\ReplicatedStorage\Libarys\MathFunctions.lua", "Luau", 187, 0, 0, 0, 3, 8, 198
"c:\Users\haoti\Documents\GitHub\blockgamev2\src\ReplicatedStorage\Libarys\Signal.lua", "Luau", 59, 0, 0, 0, 2, 15, 76
"c:\Users\haoti\Documents\GitHub\blockgamev2\src\ReplicatedStorage\Libarys\WorkerHandler.lua", "Luau", 62, 0, 0, 0, 6, 7, 75
"c:\Users\haoti\Documents\GitHub\blockgamev2\src\ReplicatedStorage\Libarys\compressor.lua", "Luau", 169, 0, 0, 0, 2, 12, 183
"c:\Users\haoti\Documents\GitHub\blockgamev2\src\ReplicatedStorage\ModHandler\init.lua", "Luau", 223, 0, 0, 0, 9, 29, 261
"c:\Users\haoti\Documents\GitHub\blockgamev2\src\ReplicatedStorage\ResourceHandler.lua", "Luau", 90, 0, 0, 0, 0, 6, 96
"c:\Users\haoti\Documents\GitHub\blockgamev2\src\ReplicatedStorage\Runner.lua", "Luau", 38, 0, 0, 0, 5, 3, 46
"c:\Users\haoti\Documents\GitHub\blockgamev2\src\ReplicatedStorage\Utils\BlockUtils.lua", "Luau", 41, 0, 0, 0, 0, 18, 59
"c:\Users\haoti\Documents\GitHub\blockgamev2\src\ReplicatedStorage\Utils\ConversionUtils.lua", "Luau", 31, 0, 0, 0, 4, 7, 42
"c:\Users\haoti\Documents\GitHub\blockgamev2\src\ReplicatedStorage\Utils\EntityUtils.lua", "Luau", 1, 0, 0, 0, 0, 0, 1
"c:\Users\haoti\Documents\GitHub\blockgamev2\src\ReplicatedStorage\Utils\IndexUtils.lua", "Luau", 126, 0, 0, 0, 0, 10, 136
"c:\Users\haoti\Documents\GitHub\blockgamev2\src\ReplicatedStorage\Utils\OtherUtils.lua", "Luau", 60, 0, 0, 0, 1, 6, 67
"c:\Users\haoti\Documents\GitHub\blockgamev2\src\ReplicatedStorage\Utils\RotationUtils.lua", "Luau", 169, 0, 0, 0, 0, 0, 169
"c:\Users\haoti\Documents\GitHub\blockgamev2\src\ServerScriptService\__init__.server.lua", "Luau", 32, 0, 0, 0, 0, 5, 37
"c:\Users\haoti\Documents\GitHub\blockgamev2\src\ServerStorage\Generation\Data.lua", "Luau", 29, 0, 0, 0, 0, 11, 40
"c:\Users\haoti\Documents\GitHub\blockgamev2\src\ServerStorage\Generation\generation\biomes\Biome.lua", "Luau", 13, 0, 0, 0, 1, 4, 18
"c:\Users\haoti\Documents\GitHub\blockgamev2\src\ServerStorage\Generation\generation\biomes\LayerStack.lua", "Luau", 9, 0, 0, 0, 0, 1, 10
"c:\Users\haoti\Documents\GitHub\blockgamev2\src\ServerStorage\Generation\generation\biomes\biomeUtils.lua", "Luau", 67, 0, 0, 0, 0, 5, 72
"c:\Users\haoti\Documents\GitHub\blockgamev2\src\ServerStorage\Generation\generation\biomes\layers\init.lua", "Luau", 58, 0, 0, 0, 0, 0, 58
"c:\Users\haoti\Documents\GitHub\blockgamev2\src\ServerStorage\Generation\generation\biomes\layers\land\BaseLandLayer.lua", "Luau", 10, 0, 0, 0, 0, 1, 11
"c:\Users\haoti\Documents\GitHub\blockgamev2\src\ServerStorage\Generation\generation\biomes\layers\land\IslandLayer.lua", "Luau", 18, 0, 0, 0, 0, 1, 19
"c:\Users\haoti\Documents\GitHub\blockgamev2\src\ServerStorage\Generation\generation\biomes\layers\land\LandLayer.lua", "Luau", 30, 0, 0, 0, 0, 0, 30
"c:\Users\haoti\Documents\GitHub\blockgamev2\src\ServerStorage\Generation\generation\biomes\layers\noise\NoiseLayer.lua", "Luau", 13, 0, 0, 0, 0, 2, 15
"c:\Users\haoti\Documents\GitHub\blockgamev2\src\ServerStorage\Generation\generation\biomes\layers\scale\ScaleLayer.lua", "Luau", 42, 0, 0, 0, 0, 10, 52
"c:\Users\haoti\Documents\GitHub\blockgamev2\src\ServerStorage\Generation\generation\biomes\layers\scale\SmoothScaleLayer.lua", "Luau", 21, 0, 0, 0, 0, 3, 24
"c:\Users\haoti\Documents\GitHub\blockgamev2\src\ServerStorage\Generation\generation\biomes\layers\scale\VoronoiLayer.lua", "Luau", 10, 0, 0, 0, 0, 2, 12
"c:\Users\haoti\Documents\GitHub\blockgamev2\src\ServerStorage\Generation\generation\biomes\layers\temperature\ColdLayer.lua", "Luau", 18, 0, 0, 0, 0, 3, 21
"c:\Users\haoti\Documents\GitHub\blockgamev2\src\ServerStorage\Generation\generation\biomes\layers\temperature\CoolLayer.lua", "Luau", 13, 0, 0, 0, 0, 2, 15
"c:\Users\haoti\Documents\GitHub\blockgamev2\src\ServerStorage\Generation\generation\biomes\layers\temperature\SpecialLayer.lua", "Luau", 15, 0, 0, 0, 0, 3, 18
"c:\Users\haoti\Documents\GitHub\blockgamev2\src\ServerStorage\Generation\generation\biomes\layers\temperature\WarmLayer.lua", "Luau", 16, 0, 0, 0, 0, 3, 19
"c:\Users\haoti\Documents\GitHub\blockgamev2\src\ServerStorage\Generation\generation\chunk\DimensionStack.lua", "Luau", 12, 0, 0, 0, 0, 3, 15
"c:\Users\haoti\Documents\GitHub\blockgamev2\src\ServerStorage\Generation\generation\chunk\GenerationLayer\Features\combineLayer.lua", "Luau", 48, 0, 0, 0, 0, 2, 50
"c:\Users\haoti\Documents\GitHub\blockgamev2\src\ServerStorage\Generation\generation\chunk\GenerationLayer\Features\oreSampleLayer.lua", "Luau", 11, 0, 0, 0, 0, 2, 13
"c:\Users\haoti\Documents\GitHub\blockgamev2\src\ServerStorage\Generation\generation\chunk\GenerationLayer\Features\structureSampleLayer.lua", "Luau", 11, 0, 0, 0, 0, 2, 13
"c:\Users\haoti\Documents\GitHub\blockgamev2\src\ServerStorage\Generation\generation\chunk\GenerationLayer\biome\biomeLayer.lua", "Luau", 10, 0, 0, 0, 0, 2, 12
"c:\Users\haoti\Documents\GitHub\blockgamev2\src\ServerStorage\Generation\generation\chunk\GenerationLayer\caves\sampleWorm.lua", "Luau", 11, 0, 0, 0, 0, 2, 13
"c:\Users\haoti\Documents\GitHub\blockgamev2\src\ServerStorage\Generation\generation\chunk\GenerationLayer\color\surfaceColorLayer.lua", "Luau", 9, 0, 0, 0, 0, 3, 12
"c:\Users\haoti\Documents\GitHub\blockgamev2\src\ServerStorage\Generation\generation\chunk\GenerationLayer\init.lua", "Luau", 59, 0, 0, 0, 0, 3, 62
"c:\Users\haoti\Documents\GitHub\blockgamev2\src\ServerStorage\Generation\generation\chunk\GenerationLayer\lerp\airStoneLayer.lua", "Luau", 79, 0, 0, 0, 0, 3, 82
"c:\Users\haoti\Documents\GitHub\blockgamev2\src\ServerStorage\Generation\generation\chunk\GenerationLayer\lerp\biomeBlendLayer.lua", "Luau", 46, 0, 0, 0, 0, 1, 47
"c:\Users\haoti\Documents\GitHub\blockgamev2\src\ServerStorage\Generation\generation\chunk\GenerationLayer\noise\surfaceNoiseLayer.lua", "Luau", 12, 0, 0, 0, 0, 2, 14
"c:\Users\haoti\Documents\GitHub\blockgamev2\src\ServerStorage\Generation\generation\chunk\GenerationLayer\other\shapeCombineLayer.lua", "Luau", 18, 0, 0, 0, 0, 1, 19
"c:\Users\haoti\Documents\GitHub\blockgamev2\src\ServerStorage\Generation\generation\chunk\GenerationLayer\other\surfaceCombineLayer.lua", "Luau", 11, 0, 0, 0, 0, 2, 13
"c:\Users\haoti\Documents\GitHub\blockgamev2\src\ServerStorage\Generation\generation\chunk\Generator\Actor\Main.meta.json", "JSON", 0, 5, 0, 0, 0, 0, 5
"c:\Users\haoti\Documents\GitHub\blockgamev2\src\ServerStorage\Generation\generation\chunk\Generator\Actor\Main.server.lua", "Luau", 23, 0, 0, 0, 0, 2, 25
"c:\Users\haoti\Documents\GitHub\blockgamev2\src\ServerStorage\Generation\generation\chunk\Generator\Actor\init.meta.json", "JSON", 0, 3, 0, 0, 0, 0, 3
"c:\Users\haoti\Documents\GitHub\blockgamev2\src\ServerStorage\Generation\generation\chunk\Generator\Overworld.lua", "Luau", 30, 0, 0, 0, 5, 12, 47
"c:\Users\haoti\Documents\GitHub\blockgamev2\src\ServerStorage\Generation\generation\chunk\Generator\Tasks\init.lua", "Luau", 451, 0, 0, 0, 4, 14, 469
"c:\Users\haoti\Documents\GitHub\blockgamev2\src\ServerStorage\Generation\generation\chunk\Generator\Utils.lua", "Luau", 22, 0, 0, 0, 0, 0, 22
"c:\Users\haoti\Documents\GitHub\blockgamev2\src\ServerStorage\Generation\generation\chunk\Generator\WorkerHandler.lua", "Luau", 70, 0, 0, 0, 0, 7, 77
"c:\Users\haoti\Documents\GitHub\blockgamev2\src\ServerStorage\Generation\generation\chunk\Generator\init.lua", "Luau", 45, 0, 0, 0, 0, 1, 46
"c:\Users\haoti\Documents\GitHub\blockgamev2\src\ServerStorage\Generation\generation\features\caves\init.lua", "Luau", 15, 0, 0, 0, 0, 3, 18
"c:\Users\haoti\Documents\GitHub\blockgamev2\src\ServerStorage\Generation\generation\features\caves\noodle.lua", "Luau", 76, 0, 0, 0, 0, 2, 78
"c:\Users\haoti\Documents\GitHub\blockgamev2\src\ServerStorage\Generation\generation\features\caves\perlineWorms.lua", "Luau", 96, 0, 0, 0, 1, 12, 109
"c:\Users\haoti\Documents\GitHub\blockgamev2\src\ServerStorage\Generation\generation\features\foliage\init.lua", "Luau", 76, 0, 0, 0, 2, 2, 80
"c:\Users\haoti\Documents\GitHub\blockgamev2\src\ServerStorage\Generation\generation\features\ore\init.lua", "Luau", 54, 0, 0, 0, 2, 5, 61
"c:\Users\haoti\Documents\GitHub\blockgamev2\src\ServerStorage\Generation\generation\features\structures\init.lua", "Luau", 204, 0, 0, 0, 3, 4, 211
"c:\Users\haoti\Documents\GitHub\blockgamev2\src\ServerStorage\Generation\generation\terrian\init.lua", "Luau", 46, 0, 0, 0, 1, 6, 53
"c:\Users\haoti\Documents\GitHub\blockgamev2\src\ServerStorage\Generation\math\Carver2.lua", "Luau", 81, 0, 0, 0, 0, 9, 90
"c:\Users\haoti\Documents\GitHub\blockgamev2\src\ServerStorage\Generation\math\carver.lua", "Luau", 219, 0, 0, 0, 10, 7, 236
"c:\Users\haoti\Documents\GitHub\blockgamev2\src\ServerStorage\Generation\math\noise.lua", "Luau", 47, 0, 0, 0, 0, 8, 55
"c:\Users\haoti\Documents\GitHub\blockgamev2\src\ServerStorage\Generation\math\range.lua", "Luau", 31, 0, 0, 0, 1, 2, 34
"c:\Users\haoti\Documents\GitHub\blockgamev2\src\ServerStorage\Generation\math\triangularDistribution.lua", "Luau", 28, 0, 0, 0, 1, 3, 32
"c:\Users\haoti\Documents\GitHub\blockgamev2\src\ServerStorage\Generation\math\utils.lua", "Luau", 96, 0, 0, 0, 0, 10, 106
"c:\Users\haoti\Documents\GitHub\blockgamev2\src\ServerStorage\core\Chunk\ChunkBuilder.lua", "Luau", 35, 0, 0, 0, 4, 1, 40
"c:\Users\haoti\Documents\GitHub\blockgamev2\src\ServerStorage\core\Chunk\Generator\Actor\GenerationMain.meta.json", "JSON", 0, 5, 0, 0, 0, 0, 5
"c:\Users\haoti\Documents\GitHub\blockgamev2\src\ServerStorage\core\Chunk\Generator\Actor\GenerationMain.server.lua", "Luau", 10, 0, 0, 0, 0, 3, 13
"c:\Users\haoti\Documents\GitHub\blockgamev2\src\ServerStorage\core\Chunk\Generator\Actor\ParallelRunner.lua", "Luau", 25, 0, 0, 0, 0, 5, 30
"c:\Users\haoti\Documents\GitHub\blockgamev2\src\ServerStorage\core\Chunk\Generator\Actor\init.meta.json", "JSON", 0, 3, 0, 0, 0, 0, 3
"c:\Users\haoti\Documents\GitHub\blockgamev2\src\ServerStorage\core\Chunk\Generator\ChunkDataLocal.lua", "Luau", 100, 0, 0, 0, 0, 19, 119
"c:\Users\haoti\Documents\GitHub\blockgamev2\src\ServerStorage\core\Chunk\Generator\ChunkLayer\biome\BiomeLayer.lua", "Luau", 8, 0, 0, 0, 0, 4, 12
"c:\Users\haoti\Documents\GitHub\blockgamev2\src\ServerStorage\core\Chunk\Generator\ChunkLayer\init.lua", "Luau", 48, 0, 0, 0, 0, 3, 51
"c:\Users\haoti\Documents\GitHub\blockgamev2\src\ServerStorage\core\Chunk\Generator\ChunkLayer\terrian\ColorLayer.lua", "Luau", 8, 0, 0, 0, 0, 5, 13
"c:\Users\haoti\Documents\GitHub\blockgamev2\src\ServerStorage\core\Chunk\Generator\ChunkLayer\terrian\SampleNoiseLayer.lua", "Luau", 18, 0, 0, 0, 0, 4, 22
"c:\Users\haoti\Documents\GitHub\blockgamev2\src\ServerStorage\core\Chunk\Generator\ChunkLayer\terrian\StoneAirLayer.lua", "Luau", 30, 0, 0, 0, 0, 5, 35
"c:\Users\haoti\Documents\GitHub\blockgamev2\src\ServerStorage\core\Chunk\Generator\Communicator.lua", "Luau", 60, 0, 0, 0, 0, 18, 78
"c:\Users\haoti\Documents\GitHub\blockgamev2\src\ServerStorage\core\Chunk\Generator\Config.lua", "Luau", 10, 0, 0, 0, 2, 2, 14
"c:\Users\haoti\Documents\GitHub\blockgamev2\src\ServerStorage\core\Chunk\Generator\Handler.lua", "Luau", 380, 0, 0, 0, 22, 41, 443
"c:\Users\haoti\Documents\GitHub\blockgamev2\src\ServerStorage\core\Chunk\Generator\LocalChunk.lua", "Luau", 152, 0, 0, 0, 2, 24, 178
"c:\Users\haoti\Documents\GitHub\blockgamev2\src\ServerStorage\core\Chunk\Generator\LocalChunkold.lua", "Luau", 179, 0, 0, 0, 4, 34, 217
"c:\Users\haoti\Documents\GitHub\blockgamev2\src\ServerStorage\core\Chunk\Generator\OverworldActorLayer.lua", "Luau", 44, 0, 0, 0, 1, 10, 55
"c:\Users\haoti\Documents\GitHub\blockgamev2\src\ServerStorage\core\Chunk\Generator\RegionHelper.lua", "Luau", 18, 0, 0, 0, 0, 2, 20
"c:\Users\haoti\Documents\GitHub\blockgamev2\src\ServerStorage\core\Chunk\Generator\Tasks\Shaper.lua", "Luau", 284, 0, 0, 0, 0, 21, 305
"c:\Users\haoti\Documents\GitHub\blockgamev2\src\ServerStorage\core\Chunk\Generator\init.lua", "Luau", 38, 0, 0, 0, 1, 7, 46
"c:\Users\haoti\Documents\GitHub\blockgamev2\src\ServerStorage\core\Chunk\OverworldBiome.lua", "Luau", 30, 0, 0, 0, 5, 12, 47
"c:\Users\haoti\Documents\GitHub\blockgamev2\src\ServerStorage\core\Chunk\OverworldStack.lua", "Luau", 15, 0, 0, 0, 0, 4, 19
"c:\Users\haoti\Documents\GitHub\blockgamev2\src\ServerStorage\core\Chunk\init.lua", "Luau", 200, 0, 0, 0, 2, 12, 214
"c:\Users\haoti\Documents\GitHub\blockgamev2\src\ServerStorage\core\Entity\EntityBehaviorHandler.lua", "Luau", 106, 0, 0, 0, 0, 2, 108
"c:\Users\haoti\Documents\GitHub\blockgamev2\src\ServerStorage\core\Entity\EntityReplicatorServer.lua", "Luau", 242, 0, 0, 0, 6, 9, 257
"c:\Users\haoti\Documents\GitHub\blockgamev2\src\ServerStorage\core\ServerContainer\init.lua", "Luau", 193, 0, 0, 0, 18, 31, 242
"c:\Users\haoti\Documents\GitHub\blockgamev2\src\StarterPlayer\StarterPlayerScripts\ClientWorker.lua", "Luau", 66, 0, 0, 0, 0, 7, 73
"c:\Users\haoti\Documents\GitHub\blockgamev2\src\StarterPlayer\StarterPlayerScripts\Controller\init.lua", "Luau", 71, 0, 0, 0, 0, 2, 73
"c:\Users\haoti\Documents\GitHub\blockgamev2\src\StarterPlayer\StarterPlayerScripts\InputHandler\TempSignal.lua", "Luau", 41, 0, 0, 0, 0, 3, 44
"c:\Users\haoti\Documents\GitHub\blockgamev2\src\StarterPlayer\StarterPlayerScripts\InputHandler\init.lua", "Luau", 140, 0, 0, 0, 0, 2, 142
"c:\Users\haoti\Documents\GitHub\blockgamev2\src\StarterPlayer\StarterPlayerScripts\PlayerSettings\KeybindHelper\DeafultKeys.lua", "Luau", 34, 0, 0, 0, 3, 3, 40
"c:\Users\haoti\Documents\GitHub\blockgamev2\src\StarterPlayer\StarterPlayerScripts\PlayerSettings\KeybindHelper\init.lua", "Luau", 88, 0, 0, 0, 0, 0, 88
"c:\Users\haoti\Documents\GitHub\blockgamev2\src\StarterPlayer\StarterPlayerScripts\Render\Actor\Main.client.lua", "Luau", 15, 0, 0, 0, 0, 1, 16
"c:\Users\haoti\Documents\GitHub\blockgamev2\src\StarterPlayer\StarterPlayerScripts\Render\Actor\Main.meta.json", "JSON", 0, 5, 0, 0, 0, 0, 5
"c:\Users\haoti\Documents\GitHub\blockgamev2\src\StarterPlayer\StarterPlayerScripts\Render\Actor\init.meta.json", "JSON", 0, 3, 0, 0, 0, 0, 3
"c:\Users\haoti\Documents\GitHub\blockgamev2\src\StarterPlayer\StarterPlayerScripts\Render\BlockRender.lua", "Luau", 113, 0, 0, 0, 4, 5, 122
"c:\Users\haoti\Documents\GitHub\blockgamev2\src\StarterPlayer\StarterPlayerScripts\Render\BlockTexture.lua", "Luau", 207, 0, 0, 0, 1, 0, 208
"c:\Users\haoti\Documents\GitHub\blockgamev2\src\StarterPlayer\StarterPlayerScripts\Render\ChunkCompressor.lua", "Luau", 0, 0, 0, 0, 0, 1, 1
"c:\Users\haoti\Documents\GitHub\blockgamev2\src\StarterPlayer\StarterPlayerScripts\Render\GreedyMesh.lua", "Luau", 155, 0, 0, 0, 1, 3, 159
"c:\Users\haoti\Documents\GitHub\blockgamev2\src\StarterPlayer\StarterPlayerScripts\Render\RenderStorage.lua", "Luau", 74, 0, 0, 0, 0, 5, 79
"c:\Users\haoti\Documents\GitHub\blockgamev2\src\StarterPlayer\StarterPlayerScripts\Render\RenderStuff.lua", "Luau", 124, 0, 0, 0, 0, 4, 128
"c:\Users\haoti\Documents\GitHub\blockgamev2\src\StarterPlayer\StarterPlayerScripts\Render\SubChunkHelper.lua", "Luau", 375, 0, 0, 0, 0, 20, 395
"c:\Users\haoti\Documents\GitHub\blockgamev2\src\StarterPlayer\StarterPlayerScripts\Render\init.lua", "Luau", 201, 0, 0, 0, 21, 15, 237
"c:\Users\haoti\Documents\GitHub\blockgamev2\src\StarterPlayer\StarterPlayerScripts\__init__.client.lua", "Luau", 17, 0, 0, 0, 2, 2, 21
"c:\Users\haoti\Documents\GitHub\blockgamev2\src\StarterPlayer\StarterPlayerScripts\core\ClientContainer.lua", "Luau", 65, 0, 0, 0, 0, 18, 83
"c:\Users\haoti\Documents\GitHub\blockgamev2\src\StarterPlayer\StarterPlayerScripts\core\Rendering\Arms.lua", "Luau", 55, 0, 0, 0, 1, 16, 72
"c:\Users\haoti\Documents\GitHub\blockgamev2\src\StarterPlayer\StarterPlayerScripts\core\Ui\ContainerHandler.lua", "Luau", 328, 0, 0, 0, 2, 64, 394
"c:\Users\haoti\Documents\GitHub\blockgamev2\src\StarterPlayer\StarterPlayerScripts\core\Ui\HotbarManager.lua", "Luau", 95, 0, 0, 0, 0, 23, 118
"c:\Users\haoti\Documents\GitHub\blockgamev2\src\StarterPlayer\StarterPlayerScripts\core\chunk\ChunkTasks.lua", "Luau", 23, 0, 0, 0, 0, 0, 23
"c:\Users\haoti\Documents\GitHub\blockgamev2\src\StarterPlayer\StarterPlayerScripts\core\chunk\init.lua", "Luau", 82, 0, 0, 0, 0, 7, 89
"Total", "-", 13445, 97, 2, 12, 289, 1413, 15258