"filename", "language", "JSON", "Lua", "Log", "Markdown", "comment", "blank", "total"
"c:\Users\haoti\Documents\GitHub\blockgamev2\README.md", "Markdown", 0, 0, 0, 12, 0, 5, 17
"c:\Users\haoti\Documents\GitHub\blockgamev2\default.project.json", "JSON", 48, 0, 0, 0, 0, 0, 48
"c:\Users\haoti\Documents\GitHub\blockgamev2\rbxlx-to-rojo.log", "Log", 0, 0, 2, 0, 0, 1, 3
"c:\Users\haoti\Documents\GitHub\blockgamev2\sourcemap.json", "JSON", 1, 0, 0, 0, 0, 0, 1
"c:\Users\haoti\Documents\GitHub\blockgamev2\src\ReplicatedStorage\BehaviorHandler.lua", "Lua", 0, 104, 0, 0, 1, 5, 110
"c:\Users\haoti\Documents\GitHub\blockgamev2\src\ReplicatedStorage\BehaviorPacks\Cubic\Behaviors.lua", "Lua", 0, 15, 0, 0, 1, 1, 17
"c:\Users\haoti\Documents\GitHub\blockgamev2\src\ReplicatedStorage\BehaviorPacks\Cubic\Biomes\init.lua", "Lua", 0, 45, 0, 0, 0, 1, 46
"c:\Users\haoti\Documents\GitHub\blockgamev2\src\ReplicatedStorage\BehaviorPacks\Cubic\BlockCollisionBoxes\init.lua", "Lua", 0, 20, 0, 0, 0, 1, 21
"c:\Users\haoti\Documents\GitHub\blockgamev2\src\ReplicatedStorage\BehaviorPacks\Cubic\Crafting\init.lua", "Lua", 0, 50, 0, 0, 0, 6, 56
"c:\Users\haoti\Documents\GitHub\blockgamev2\src\ReplicatedStorage\BehaviorPacks\Cubic\Entities\Npc.lua", "Lua", 0, 32, 0, 0, 0, 4, 36
"c:\Users\haoti\Documents\GitHub\blockgamev2\src\ReplicatedStorage\BehaviorPacks\Cubic\Entities\Player.lua", "Lua", 0, 30, 0, 0, 0, 3, 33
"c:\Users\haoti\Documents\GitHub\blockgamev2\src\ReplicatedStorage\BehaviorPacks\Cubic\Entities\init.lua", "Lua", 0, 28, 0, 0, 0, 5, 33
"c:\Users\haoti\Documents\GitHub\blockgamev2\src\ReplicatedStorage\BehaviorPacks\Cubic\Features\init.lua", "Lua", 0, 70, 0, 0, 1, 2, 73
"c:\Users\haoti\Documents\GitHub\blockgamev2\src\ReplicatedStorage\BehaviorPacks\Cubic\Functions.lua", "Lua", 0, 2, 0, 0, 1, 1, 4
"c:\Users\haoti\Documents\GitHub\blockgamev2\src\ReplicatedStorage\BehaviorPacks\Cubic\Info.lua", "Lua", 0, 2, 0, 0, 0, 0, 2
"c:\Users\haoti\Documents\GitHub\blockgamev2\src\ReplicatedStorage\BehaviorPacks\Cubic\Items\init.lua", "Lua", 0, 1, 0, 0, 0, 0, 1
"c:\Users\haoti\Documents\GitHub\blockgamev2\src\ReplicatedStorage\Biomes.lua", "Lua", 0, 31, 0, 0, 0, 1, 32
"c:\Users\haoti\Documents\GitHub\blockgamev2\src\ReplicatedStorage\Block\BlockPool.lua", "Lua", 0, 68, 0, 0, 0, 13, 81
"c:\Users\haoti\Documents\GitHub\blockgamev2\src\ReplicatedStorage\Block\init.lua", "Lua", 0, 44, 0, 0, 0, 2, 46
"c:\Users\haoti\Documents\GitHub\blockgamev2\src\ReplicatedStorage\BridgeNet\Bridge.lua", "Lua", 0, 19, 0, 0, 0, 2, 21
"c:\Users\haoti\Documents\GitHub\blockgamev2\src\ReplicatedStorage\BridgeNet\ClientBridge.lua", "Lua", 0, 351, 0, 0, 12, 88, 451
"c:\Users\haoti\Documents\GitHub\blockgamev2\src\ReplicatedStorage\BridgeNet\CreateBridgeTree.lua", "Lua", 0, 45, 0, 0, 0, 13, 58
"c:\Users\haoti\Documents\GitHub\blockgamev2\src\ReplicatedStorage\BridgeNet\SerdesLayer.lua", "Lua", 0, 176, 0, 0, 9, 50, 235
"c:\Users\haoti\Documents\GitHub\blockgamev2\src\ReplicatedStorage\BridgeNet\ServerBridge.lua", "Lua", 0, 636, 0, 0, 25, 126, 787
"c:\Users\haoti\Documents\GitHub\blockgamev2\src\ReplicatedStorage\BridgeNet\init.lua", "Lua", 0, 148, 0, 0, 9, 37, 194
"c:\Users\haoti\Documents\GitHub\blockgamev2\src\ReplicatedStorage\Chunk\init.lua", "Lua", 0, 54, 0, 0, 1, 5, 60
"c:\Users\haoti\Documents\GitHub\blockgamev2\src\ReplicatedStorage\CollisonHandler.lua", "Lua", 0, 311, 0, 0, 10, 22, 343
"c:\Users\haoti\Documents\GitHub\blockgamev2\src\ReplicatedStorage\Data\init.lua", "Lua", 0, 61, 0, 0, 0, 0, 61
"c:\Users\haoti\Documents\GitHub\blockgamev2\src\ReplicatedStorage\EntityHandler\Animator.lua", "Lua", 0, 151, 0, 0, 0, 6, 157
"c:\Users\haoti\Documents\GitHub\blockgamev2\src\ReplicatedStorage\EntityHandler\EntityCollisionHandler.lua", "Lua", 0, 301, 0, 0, 3, 11, 315
"c:\Users\haoti\Documents\GitHub\blockgamev2\src\ReplicatedStorage\EntityHandler\EntityHolder.lua", "Lua", 0, 19, 0, 0, 0, 0, 19
"c:\Users\haoti\Documents\GitHub\blockgamev2\src\ReplicatedStorage\EntityHandler\EntityReplicator\AnimatorR.lua", "Lua", 0, 81, 0, 0, 0, 0, 81
"c:\Users\haoti\Documents\GitHub\blockgamev2\src\ReplicatedStorage\EntityHandler\EntityReplicator\Client.lua", "Lua", 0, 209, 0, 0, 3, 2, 214
"c:\Users\haoti\Documents\GitHub\blockgamev2\src\ReplicatedStorage\EntityHandler\EntityReplicator\EntityTCP.model.json", "JSON", 3, 0, 0, 0, 0, 1, 4
"c:\Users\haoti\Documents\GitHub\blockgamev2\src\ReplicatedStorage\EntityHandler\EntityReplicator\EntityTaskReplicator.lua", "Lua", 0, 50, 0, 0, 0, 4, 54
"c:\Users\haoti\Documents\GitHub\blockgamev2\src\ReplicatedStorage\EntityHandler\EntityReplicator\EntityUDP.model.json", "JSON", 3, 0, 0, 0, 0, 1, 4
"c:\Users\haoti\Documents\GitHub\blockgamev2\src\ReplicatedStorage\EntityHandler\EntityReplicator\ReplicatorUtils.lua", "Lua", 0, 167, 0, 0, 9, 8, 184
"c:\Users\haoti\Documents\GitHub\blockgamev2\src\ReplicatedStorage\EntityHandler\EntityReplicator\Server.lua", "Lua", 0, 3, 0, 0, 0, 0, 3
"c:\Users\haoti\Documents\GitHub\blockgamev2\src\ReplicatedStorage\EntityHandler\EntityReplicator\TaskReplicator.lua", "Lua", 0, 85, 0, 0, 0, 5, 90
"c:\Users\haoti\Documents\GitHub\blockgamev2\src\ReplicatedStorage\EntityHandler\Render.lua", "Lua", 0, 156, 0, 0, 1, 5, 162
"c:\Users\haoti\Documents\GitHub\blockgamev2\src\ReplicatedStorage\EntityHandler\Updater.lua", "Lua", 0, 31, 0, 0, 0, 1, 32
"c:\Users\haoti\Documents\GitHub\blockgamev2\src\ReplicatedStorage\EntityHandler\Utils.lua", "Lua", 0, 181, 0, 0, 8, 6, 195
"c:\Users\haoti\Documents\GitHub\blockgamev2\src\ReplicatedStorage\EntityHandler\init.lua", "Lua", 0, 351, 0, 0, 17, 11, 379
"c:\Users\haoti\Documents\GitHub\blockgamev2\src\ReplicatedStorage\Events\Chunk.model.json", "JSON", 3, 0, 0, 0, 0, 0, 3
"c:\Users\haoti\Documents\GitHub\blockgamev2\src\ReplicatedStorage\Events\TaskUpdater.model.json", "JSON", 3, 0, 0, 0, 0, 1, 4
"c:\Users\haoti\Documents\GitHub\blockgamev2\src\ReplicatedStorage\GameSettings.lua", "Lua", 0, 15, 0, 0, 1, 2, 18
"c:\Users\haoti\Documents\GitHub\blockgamev2\src\ReplicatedStorage\Libarys\Debris.lua", "Lua", 0, 39, 0, 0, 0, 7, 46
"c:\Users\haoti\Documents\GitHub\blockgamev2\src\ReplicatedStorage\Libarys\ErrorHandler.lua", "Lua", 0, 10, 0, 0, 0, 0, 10
"c:\Users\haoti\Documents\GitHub\blockgamev2\src\ReplicatedStorage\Libarys\MathFunctions.lua", "Lua", 0, 186, 0, 0, 3, 8, 197
"c:\Users\haoti\Documents\GitHub\blockgamev2\src\ReplicatedStorage\Libarys\Signal.lua", "Lua", 0, 59, 0, 0, 2, 15, 76
"c:\Users\haoti\Documents\GitHub\blockgamev2\src\ReplicatedStorage\Libarys\WorkerHandler.lua", "Lua", 0, 62, 0, 0, 6, 7, 75
"c:\Users\haoti\Documents\GitHub\blockgamev2\src\ReplicatedStorage\Libarys\compressor.lua", "Lua", 0, 169, 0, 0, 2, 12, 183
"c:\Users\haoti\Documents\GitHub\blockgamev2\src\ReplicatedStorage\ModHandler\init.lua", "Lua", 0, 223, 0, 0, 9, 29, 261
"c:\Users\haoti\Documents\GitHub\blockgamev2\src\ReplicatedStorage\ResourceHandler.lua", "Lua", 0, 68, 0, 0, 0, 6, 74
"c:\Users\haoti\Documents\GitHub\blockgamev2\src\ReplicatedStorage\Runner.lua", "Lua", 0, 38, 0, 0, 0, 3, 41
"c:\Users\haoti\Documents\GitHub\blockgamev2\src\ReplicatedStorage\Utils\BlockUtils.lua", "Lua", 0, 41, 0, 0, 0, 18, 59
"c:\Users\haoti\Documents\GitHub\blockgamev2\src\ReplicatedStorage\Utils\ConversionUtils.lua", "Lua", 0, 25, 0, 0, 4, 7, 36
"c:\Users\haoti\Documents\GitHub\blockgamev2\src\ReplicatedStorage\Utils\EntityUtils.lua", "Lua", 0, 1, 0, 0, 0, 0, 1
"c:\Users\haoti\Documents\GitHub\blockgamev2\src\ReplicatedStorage\Utils\IndexUtils.lua", "Lua", 0, 122, 0, 0, 0, 10, 132
"c:\Users\haoti\Documents\GitHub\blockgamev2\src\ReplicatedStorage\Utils\RotationUtils.lua", "Lua", 0, 179, 0, 0, 0, 0, 179
"c:\Users\haoti\Documents\GitHub\blockgamev2\src\ServerScriptService\__init__.server.lua", "Lua", 0, 25, 0, 0, 0, 1, 26
"c:\Users\haoti\Documents\GitHub\blockgamev2\src\ServerStorage\Generation\Data.lua", "Lua", 0, 29, 0, 0, 0, 11, 40
"c:\Users\haoti\Documents\GitHub\blockgamev2\src\ServerStorage\Generation\generation\biomes\Biome.lua", "Lua", 0, 13, 0, 0, 1, 4, 18
"c:\Users\haoti\Documents\GitHub\blockgamev2\src\ServerStorage\Generation\generation\biomes\LayerStack.lua", "Lua", 0, 9, 0, 0, 0, 1, 10
"c:\Users\haoti\Documents\GitHub\blockgamev2\src\ServerStorage\Generation\generation\biomes\biomeUtils.lua", "Lua", 0, 65, 0, 0, 0, 5, 70
"c:\Users\haoti\Documents\GitHub\blockgamev2\src\ServerStorage\Generation\generation\biomes\layers\init.lua", "Lua", 0, 58, 0, 0, 0, 0, 58
"c:\Users\haoti\Documents\GitHub\blockgamev2\src\ServerStorage\Generation\generation\biomes\layers\land\BaseLandLayer.lua", "Lua", 0, 10, 0, 0, 0, 1, 11
"c:\Users\haoti\Documents\GitHub\blockgamev2\src\ServerStorage\Generation\generation\biomes\layers\land\IslandLayer.lua", "Lua", 0, 18, 0, 0, 0, 1, 19
"c:\Users\haoti\Documents\GitHub\blockgamev2\src\ServerStorage\Generation\generation\biomes\layers\land\LandLayer.lua", "Lua", 0, 30, 0, 0, 0, 0, 30
"c:\Users\haoti\Documents\GitHub\blockgamev2\src\ServerStorage\Generation\generation\biomes\layers\noise\NoiseLayer.lua", "Lua", 0, 13, 0, 0, 0, 2, 15
"c:\Users\haoti\Documents\GitHub\blockgamev2\src\ServerStorage\Generation\generation\biomes\layers\scale\ScaleLayer.lua", "Lua", 0, 42, 0, 0, 0, 10, 52
"c:\Users\haoti\Documents\GitHub\blockgamev2\src\ServerStorage\Generation\generation\biomes\layers\scale\SmoothScaleLayer.lua", "Lua", 0, 21, 0, 0, 0, 3, 24
"c:\Users\haoti\Documents\GitHub\blockgamev2\src\ServerStorage\Generation\generation\biomes\layers\scale\VoronoiLayer.lua", "Lua", 0, 10, 0, 0, 0, 2, 12
"c:\Users\haoti\Documents\GitHub\blockgamev2\src\ServerStorage\Generation\generation\biomes\layers\temperature\ColdLayer.lua", "Lua", 0, 18, 0, 0, 0, 3, 21
"c:\Users\haoti\Documents\GitHub\blockgamev2\src\ServerStorage\Generation\generation\biomes\layers\temperature\CoolLayer.lua", "Lua", 0, 13, 0, 0, 0, 2, 15
"c:\Users\haoti\Documents\GitHub\blockgamev2\src\ServerStorage\Generation\generation\biomes\layers\temperature\SpecialLayer.lua", "Lua", 0, 15, 0, 0, 0, 3, 18
"c:\Users\haoti\Documents\GitHub\blockgamev2\src\ServerStorage\Generation\generation\biomes\layers\temperature\WarmLayer.lua", "Lua", 0, 16, 0, 0, 0, 3, 19
"c:\Users\haoti\Documents\GitHub\blockgamev2\src\ServerStorage\Generation\generation\chunk\DimensionStack.lua", "Lua", 0, 12, 0, 0, 0, 3, 15
"c:\Users\haoti\Documents\GitHub\blockgamev2\src\ServerStorage\Generation\generation\chunk\GenerationLayer\biome\biomeLayer.lua", "Lua", 0, 10, 0, 0, 0, 2, 12
"c:\Users\haoti\Documents\GitHub\blockgamev2\src\ServerStorage\Generation\generation\chunk\GenerationLayer\color\surfaceColorLayer.lua", "Lua", 0, 9, 0, 0, 0, 3, 12
"c:\Users\haoti\Documents\GitHub\blockgamev2\src\ServerStorage\Generation\generation\chunk\GenerationLayer\init.lua", "Lua", 0, 53, 0, 0, 0, 3, 56
"c:\Users\haoti\Documents\GitHub\blockgamev2\src\ServerStorage\Generation\generation\chunk\GenerationLayer\lerp\airStoneLayer.lua", "Lua", 0, 79, 0, 0, 0, 3, 82
"c:\Users\haoti\Documents\GitHub\blockgamev2\src\ServerStorage\Generation\generation\chunk\GenerationLayer\lerp\biomeBlendLayer.lua", "Lua", 0, 46, 0, 0, 0, 1, 47
"c:\Users\haoti\Documents\GitHub\blockgamev2\src\ServerStorage\Generation\generation\chunk\GenerationLayer\noise\surfaceNoiseLayer.lua", "Lua", 0, 12, 0, 0, 0, 2, 14
"c:\Users\haoti\Documents\GitHub\blockgamev2\src\ServerStorage\Generation\generation\chunk\GenerationLayer\other\shapeLayer.lua", "Lua", 0, 18, 0, 0, 0, 1, 19
"c:\Users\haoti\Documents\GitHub\blockgamev2\src\ServerStorage\Generation\generation\chunk\GenerationLayer\other\surfaceLayer.lua", "Lua", 0, 11, 0, 0, 0, 2, 13
"c:\Users\haoti\Documents\GitHub\blockgamev2\src\ServerStorage\Generation\generation\chunk\Generator\Actor\Main.meta.json", "JSON", 5, 0, 0, 0, 0, 0, 5
"c:\Users\haoti\Documents\GitHub\blockgamev2\src\ServerStorage\Generation\generation\chunk\Generator\Actor\Main.server.lua", "Lua", 0, 14, 0, 0, 0, 2, 16
"c:\Users\haoti\Documents\GitHub\blockgamev2\src\ServerStorage\Generation\generation\chunk\Generator\Actor\init.meta.json", "JSON", 3, 0, 0, 0, 0, 0, 3
"c:\Users\haoti\Documents\GitHub\blockgamev2\src\ServerStorage\Generation\generation\chunk\Generator\Overworld.lua", "Lua", 0, 30, 0, 0, 5, 12, 47
"c:\Users\haoti\Documents\GitHub\blockgamev2\src\ServerStorage\Generation\generation\chunk\Generator\Tasks\init.lua", "Lua", 0, 425, 0, 0, 3, 13, 441
"c:\Users\haoti\Documents\GitHub\blockgamev2\src\ServerStorage\Generation\generation\chunk\Generator\Utils.lua", "Lua", 0, 22, 0, 0, 0, 0, 22
"c:\Users\haoti\Documents\GitHub\blockgamev2\src\ServerStorage\Generation\generation\chunk\Generator\WorkerHandler.lua", "Lua", 0, 61, 0, 0, 0, 6, 67
"c:\Users\haoti\Documents\GitHub\blockgamev2\src\ServerStorage\Generation\generation\chunk\Generator\init.lua", "Lua", 0, 42, 0, 0, 0, 1, 43
"c:\Users\haoti\Documents\GitHub\blockgamev2\src\ServerStorage\Generation\generation\terrian\init.lua", "Lua", 0, 46, 0, 0, 1, 6, 53
"c:\Users\haoti\Documents\GitHub\blockgamev2\src\ServerStorage\Generation\math\noise.lua", "Lua", 0, 39, 0, 0, 0, 5, 44
"c:\Users\haoti\Documents\GitHub\blockgamev2\src\ServerStorage\Generation\math\utils.lua", "Lua", 0, 55, 0, 0, 0, 7, 62
"c:\Users\haoti\Documents\GitHub\blockgamev2\src\ServerStorage\core\Chunk\ChunkBuilder.lua", "Lua", 0, 18, 0, 0, 0, 1, 19
"c:\Users\haoti\Documents\GitHub\blockgamev2\src\ServerStorage\core\Chunk\OverworldStack.lua", "Lua", 0, 9, 0, 0, 0, 1, 10
"c:\Users\haoti\Documents\GitHub\blockgamev2\src\ServerStorage\core\Chunk\init.lua", "Lua", 0, 47, 0, 0, 0, 12, 59
"c:\Users\haoti\Documents\GitHub\blockgamev2\src\ServerStorage\core\Entity\EntityBehaviorHandler.lua", "Lua", 0, 106, 0, 0, 0, 2, 108
"c:\Users\haoti\Documents\GitHub\blockgamev2\src\ServerStorage\core\Entity\EntityReplicatorServer.lua", "Lua", 0, 236, 0, 0, 6, 4, 246
"c:\Users\haoti\Documents\GitHub\blockgamev2\src\StarterPlayer\StarterPlayerScripts\ClientWorker.lua", "Lua", 0, 61, 0, 0, 0, 6, 67
"c:\Users\haoti\Documents\GitHub\blockgamev2\src\StarterPlayer\StarterPlayerScripts\Controller\init.lua", "Lua", 0, 71, 0, 0, 0, 2, 73
"c:\Users\haoti\Documents\GitHub\blockgamev2\src\StarterPlayer\StarterPlayerScripts\InputHandler\TempSignal.lua", "Lua", 0, 41, 0, 0, 0, 3, 44
"c:\Users\haoti\Documents\GitHub\blockgamev2\src\StarterPlayer\StarterPlayerScripts\InputHandler\init.lua", "Lua", 0, 140, 0, 0, 0, 2, 142
"c:\Users\haoti\Documents\GitHub\blockgamev2\src\StarterPlayer\StarterPlayerScripts\PlayerSettings\KeybindHelper\DeafultKeys.lua", "Lua", 0, 34, 0, 0, 3, 3, 40
"c:\Users\haoti\Documents\GitHub\blockgamev2\src\StarterPlayer\StarterPlayerScripts\PlayerSettings\KeybindHelper\init.lua", "Lua", 0, 87, 0, 0, 0, 0, 87
"c:\Users\haoti\Documents\GitHub\blockgamev2\src\StarterPlayer\StarterPlayerScripts\Render\Actor\Main.client.lua", "Lua", 0, 12, 0, 0, 0, 2, 14
"c:\Users\haoti\Documents\GitHub\blockgamev2\src\StarterPlayer\StarterPlayerScripts\Render\Actor\Main.meta.json", "JSON", 5, 0, 0, 0, 0, 0, 5
"c:\Users\haoti\Documents\GitHub\blockgamev2\src\StarterPlayer\StarterPlayerScripts\Render\Actor\init.meta.json", "JSON", 3, 0, 0, 0, 0, 0, 3
"c:\Users\haoti\Documents\GitHub\blockgamev2\src\StarterPlayer\StarterPlayerScripts\Render\ChunkCompressor.lua", "Lua", 0, 0, 0, 0, 0, 1, 1
"c:\Users\haoti\Documents\GitHub\blockgamev2\src\StarterPlayer\StarterPlayerScripts\Render\GreedyMesh.lua", "Lua", 0, 155, 0, 0, 1, 3, 159
"c:\Users\haoti\Documents\GitHub\blockgamev2\src\StarterPlayer\StarterPlayerScripts\Render\Tasks.lua", "Lua", 0, 121, 0, 0, 1, 5, 127
"c:\Users\haoti\Documents\GitHub\blockgamev2\src\StarterPlayer\StarterPlayerScripts\Render\init.lua", "Lua", 0, 12, 0, 0, 0, 2, 14
"c:\Users\haoti\Documents\GitHub\blockgamev2\src\StarterPlayer\StarterPlayerScripts\__init__.client.lua", "Lua", 0, 14, 0, 0, 2, 1, 17
"c:\Users\haoti\Documents\GitHub\blockgamev2\src\StarterPlayer\StarterPlayerScripts\core\chunk\ChunkTasks.lua", "Lua", 0, 23, 0, 0, 0, 0, 23
"c:\Users\haoti\Documents\GitHub\blockgamev2\src\StarterPlayer\StarterPlayerScripts\core\chunk\init.lua", "Lua", 0, 62, 0, 0, 0, 6, 68
"Total", "-", 77, 8003, 2, 12, 161, 760, 9015