"filename", "language", "Luau", "JSON", "Lua", "comment", "blank", "total"
"c:\Users\haoti\Documents\GitHub\blockgamev2\src\ReplicatedStorage\BehaviorHandler.lua", "Luau", 15, 0, 0, 0, 0, 15
"c:\Users\haoti\Documents\GitHub\blockgamev2\src\ReplicatedStorage\BehaviorPacks\Cubic\Containers.lua", "Luau", 64, 0, 0, 0, 5, 69
"c:\Users\haoti\Documents\GitHub\blockgamev2\src\ReplicatedStorage\BehaviorPacks\Cubic\Entities\Player.lua", "Luau", 5, 0, 0, 0, 0, 5
"c:\Users\haoti\Documents\GitHub\blockgamev2\src\ReplicatedStorage\BehaviorPacks\Cubic\Entities\init.lua", "Luau", 18, 0, 0, 0, 3, 21
"c:\Users\haoti\Documents\GitHub\blockgamev2\src\ReplicatedStorage\Block\init.lua", "Luau", 12, 0, 0, 2, 1, 15
"c:\Users\haoti\Documents\GitHub\blockgamev2\src\ReplicatedStorage\Container\init.lua", "Luau", 305, 0, 0, 5, 33, 343
"c:\Users\haoti\Documents\GitHub\blockgamev2\src\ReplicatedStorage\Data\init.lua", "Luau", 0, 0, 0, 0, 4, 4
"c:\Users\haoti\Documents\GitHub\blockgamev2\src\ReplicatedStorage\EntityHandler\Animator.lua", "Luau", 0, 0, 0, 0, 1, 1
"c:\Users\haoti\Documents\GitHub\blockgamev2\src\ReplicatedStorage\EntityHandler\EntityCollisionHandler.lua", "Luau", 0, 0, 0, 0, 2, 2
"c:\Users\haoti\Documents\GitHub\blockgamev2\src\ReplicatedStorage\EntityHandler\EntityContainerManager.lua", "Luau", 66, 0, 0, 0, 4, 70
"c:\Users\haoti\Documents\GitHub\blockgamev2\src\ReplicatedStorage\EntityHandler\EntityReplicator\Client.lua", "Luau", 9, 0, 0, 0, 3, 12
"c:\Users\haoti\Documents\GitHub\blockgamev2\src\ReplicatedStorage\EntityHandler\EntityReplicator\TaskReplicator.lua", "Luau", 0, 0, 0, 0, 7, 7
"c:\Users\haoti\Documents\GitHub\blockgamev2\src\ReplicatedStorage\EntityHandler\Render.lua", "Luau", 127, 0, 0, 0, 22, 149
"c:\Users\haoti\Documents\GitHub\blockgamev2\src\ReplicatedStorage\EntityHandler\init.lua", "Luau", 31, 0, 0, 0, 42, 73
"c:\Users\haoti\Documents\GitHub\blockgamev2\src\ReplicatedStorage\Events\Container\Request.model.json", "JSON", 0, 3, 0, 0, 0, 3
"c:\Users\haoti\Documents\GitHub\blockgamev2\src\ReplicatedStorage\Events\Container\Send.model.json", "JSON", 0, 3, 0, 0, 0, 3
"c:\Users\haoti\Documents\GitHub\blockgamev2\src\ReplicatedStorage\Events\Container\Update.model.json", "JSON", 0, 3, 0, 0, 0, 3
"c:\Users\haoti\Documents\GitHub\blockgamev2\src\ReplicatedStorage\Events\SwapSlot.model.json", "JSON", 0, 3, 0, 0, 0, 3
"c:\Users\haoti\Documents\GitHub\blockgamev2\src\ReplicatedStorage\Item\init.lua", "Luau", 46, 0, 0, 0, 7, 53
"c:\Users\haoti\Documents\GitHub\blockgamev2\src\ReplicatedStorage\Libarys\Crafting.lua", "Luau", 159, 0, 0, 3, 5, 167
"c:\Users\haoti\Documents\GitHub\blockgamev2\src\ReplicatedStorage\Libarys\DataStructures\Queue.lua", "Luau", 25, 0, 0, 0, 5, 30
"c:\Users\haoti\Documents\GitHub\blockgamev2\src\ReplicatedStorage\Libarys\DataStructures\Stack.lua", "Luau", 13, 0, 0, 0, 5, 18
"c:\Users\haoti\Documents\GitHub\blockgamev2\src\ReplicatedStorage\Libarys\Debris.lua", "Luau", 39, 0, 0, 1, 5, 45
"c:\Users\haoti\Documents\GitHub\blockgamev2\src\ReplicatedStorage\Libarys\MathFunctions.lua", "Luau", 1, 0, 0, 0, 0, 1
"c:\Users\haoti\Documents\GitHub\blockgamev2\src\ReplicatedStorage\ResourceHandler.lua", "Luau", 22, 0, 0, 0, 0, 22
"c:\Users\haoti\Documents\GitHub\blockgamev2\src\ReplicatedStorage\Runner.lua", "Luau", 0, 0, 0, 5, 0, 5
"c:\Users\haoti\Documents\GitHub\blockgamev2\src\ReplicatedStorage\Utils\ConversionUtils.lua", "Luau", 6, 0, 0, 0, 0, 6
"c:\Users\haoti\Documents\GitHub\blockgamev2\src\ReplicatedStorage\Utils\IndexUtils.lua", "Luau", 4, 0, 0, 0, 0, 4
"c:\Users\haoti\Documents\GitHub\blockgamev2\src\ReplicatedStorage\Utils\OtherUtils.lua", "Luau", 60, 0, 0, 1, 6, 67
"c:\Users\haoti\Documents\GitHub\blockgamev2\src\ReplicatedStorage\Utils\RotationUtils.lua", "Luau", -10, 0, 0, 0, 0, -10
"c:\Users\haoti\Documents\GitHub\blockgamev2\src\ServerScriptService\__init__.server.lua", "Luau", 7, 0, 0, 0, 4, 11
"c:\Users\haoti\Documents\GitHub\blockgamev2\src\ServerStorage\Generation\generation\biomes\biomeUtils.lua", "Luau", 2, 0, 0, 0, 0, 2
"c:\Users\haoti\Documents\GitHub\blockgamev2\src\ServerStorage\Generation\generation\chunk\GenerationLayer\Features\combineLayer.lua", "Luau", 48, 0, 0, 0, 2, 50
"c:\Users\haoti\Documents\GitHub\blockgamev2\src\ServerStorage\Generation\generation\chunk\GenerationLayer\Features\oreSampleLayer.lua", "Luau", 11, 0, 0, 0, 2, 13
"c:\Users\haoti\Documents\GitHub\blockgamev2\src\ServerStorage\Generation\generation\chunk\GenerationLayer\Features\structureSampleLayer.lua", "Luau", 11, 0, 0, 0, 2, 13
"c:\Users\haoti\Documents\GitHub\blockgamev2\src\ServerStorage\Generation\generation\chunk\GenerationLayer\caves\sampleWorm.lua", "Luau", 11, 0, 0, 0, 2, 13
"c:\Users\haoti\Documents\GitHub\blockgamev2\src\ServerStorage\Generation\generation\chunk\GenerationLayer\init.lua", "Luau", 6, 0, 0, 0, 0, 6
"c:\Users\haoti\Documents\GitHub\blockgamev2\src\ServerStorage\Generation\generation\chunk\GenerationLayer\other\shapeCombineLayer.lua", "Luau", 18, 0, 0, 0, 1, 19
"c:\Users\haoti\Documents\GitHub\blockgamev2\src\ServerStorage\Generation\generation\chunk\GenerationLayer\other\shapeLayer.lua", "Lua", 0, 0, -18, 0, -1, -19
"c:\Users\haoti\Documents\GitHub\blockgamev2\src\ServerStorage\Generation\generation\chunk\GenerationLayer\other\surfaceCombineLayer.lua", "Luau", 11, 0, 0, 0, 2, 13
"c:\Users\haoti\Documents\GitHub\blockgamev2\src\ServerStorage\Generation\generation\chunk\GenerationLayer\other\surfaceLayer.lua", "Lua", 0, 0, -11, 0, -2, -13
"c:\Users\haoti\Documents\GitHub\blockgamev2\src\ServerStorage\Generation\generation\chunk\Generator\Actor\Main.server.lua", "Luau", 9, 0, 0, 0, 0, 9
"c:\Users\haoti\Documents\GitHub\blockgamev2\src\ServerStorage\Generation\generation\chunk\Generator\Tasks\init.lua", "Luau", 26, 0, 0, 1, 1, 28
"c:\Users\haoti\Documents\GitHub\blockgamev2\src\ServerStorage\Generation\generation\chunk\Generator\WorkerHandler.lua", "Luau", 9, 0, 0, 0, 1, 10
"c:\Users\haoti\Documents\GitHub\blockgamev2\src\ServerStorage\Generation\generation\chunk\Generator\init.lua", "Luau", 3, 0, 0, 0, 0, 3
"c:\Users\haoti\Documents\GitHub\blockgamev2\src\ServerStorage\Generation\generation\features\caves\init.lua", "Luau", 15, 0, 0, 0, 3, 18
"c:\Users\haoti\Documents\GitHub\blockgamev2\src\ServerStorage\Generation\generation\features\caves\noodle.lua", "Luau", 76, 0, 0, 0, 2, 78
"c:\Users\haoti\Documents\GitHub\blockgamev2\src\ServerStorage\Generation\generation\features\caves\perlineWorms.lua", "Luau", 96, 0, 0, 1, 12, 109
"c:\Users\haoti\Documents\GitHub\blockgamev2\src\ServerStorage\Generation\generation\features\foliage\init.lua", "Luau", 69, 0, 0, 2, 2, 73
"c:\Users\haoti\Documents\GitHub\blockgamev2\src\ServerStorage\Generation\generation\features\ore\init.lua", "Luau", 54, 0, 0, 2, 5, 61
"c:\Users\haoti\Documents\GitHub\blockgamev2\src\ServerStorage\Generation\generation\features\structures\init.lua", "Luau", 199, 0, 0, 3, 4, 206
"c:\Users\haoti\Documents\GitHub\blockgamev2\src\ServerStorage\Generation\math\Carver2.lua", "Luau", 66, 0, 0, 0, 8, 74
"c:\Users\haoti\Documents\GitHub\blockgamev2\src\ServerStorage\Generation\math\carver.lua", "Luau", 219, 0, 0, 10, 7, 236
"c:\Users\haoti\Documents\GitHub\blockgamev2\src\ServerStorage\Generation\math\noise.lua", "Luau", 8, 0, 0, 0, 3, 11
"c:\Users\haoti\Documents\GitHub\blockgamev2\src\ServerStorage\Generation\math\range.lua", "Luau", 31, 0, 0, 1, 2, 34
"c:\Users\haoti\Documents\GitHub\blockgamev2\src\ServerStorage\Generation\math\triangularDistribution.lua", "Luau", 28, 0, 0, 1, 3, 32
"c:\Users\haoti\Documents\GitHub\blockgamev2\src\ServerStorage\Generation\math\utils.lua", "Luau", 41, 0, 0, 0, 3, 44
"c:\Users\haoti\Documents\GitHub\blockgamev2\src\ServerStorage\core\Chunk\ChunkBuilder.lua", "Luau", 17, 0, 0, 4, 0, 21
"c:\Users\haoti\Documents\GitHub\blockgamev2\src\ServerStorage\core\Chunk\Generator\Actor\GenerationMain.meta.json", "JSON", 0, 5, 0, 0, 0, 5
"c:\Users\haoti\Documents\GitHub\blockgamev2\src\ServerStorage\core\Chunk\Generator\Actor\GenerationMain.server.lua", "Luau", 10, 0, 0, 0, 3, 13
"c:\Users\haoti\Documents\GitHub\blockgamev2\src\ServerStorage\core\Chunk\Generator\Actor\ParallelRunner.lua", "Luau", 25, 0, 0, 0, 5, 30
"c:\Users\haoti\Documents\GitHub\blockgamev2\src\ServerStorage\core\Chunk\Generator\Actor\init.meta.json", "JSON", 0, 3, 0, 0, 0, 3
"c:\Users\haoti\Documents\GitHub\blockgamev2\src\ServerStorage\core\Chunk\Generator\ChunkDataLocal.lua", "Luau", 81, 0, 0, 0, 16, 97
"c:\Users\haoti\Documents\GitHub\blockgamev2\src\ServerStorage\core\Chunk\Generator\ChunkDataLocalold.lua", "Luau", 61, 0, 0, 0, 11, 72
"c:\Users\haoti\Documents\GitHub\blockgamev2\src\ServerStorage\core\Chunk\Generator\ChunkLayer\biome\BiomeLayer.lua", "Luau", 8, 0, 0, 0, 4, 12
"c:\Users\haoti\Documents\GitHub\blockgamev2\src\ServerStorage\core\Chunk\Generator\ChunkLayer\init.lua", "Luau", 48, 0, 0, 0, 3, 51
"c:\Users\haoti\Documents\GitHub\blockgamev2\src\ServerStorage\core\Chunk\Generator\ChunkLayer\terrian\ColorLayer.lua", "Luau", 8, 0, 0, 0, 5, 13
"c:\Users\haoti\Documents\GitHub\blockgamev2\src\ServerStorage\core\Chunk\Generator\ChunkLayer\terrian\SampleNoiseLayer.lua", "Luau", 18, 0, 0, 0, 4, 22
"c:\Users\haoti\Documents\GitHub\blockgamev2\src\ServerStorage\core\Chunk\Generator\ChunkLayer\terrian\StoneAirLayer.lua", "Luau", 30, 0, 0, 0, 5, 35
"c:\Users\haoti\Documents\GitHub\blockgamev2\src\ServerStorage\core\Chunk\Generator\Communicator.lua", "Luau", 56, 0, 0, 0, 15, 71
"c:\Users\haoti\Documents\GitHub\blockgamev2\src\ServerStorage\core\Chunk\Generator\Config.lua", "Luau", 12, 0, 0, 2, 2, 16
"c:\Users\haoti\Documents\GitHub\blockgamev2\src\ServerStorage\core\Chunk\Generator\Handler.lua", "Luau", 105, 0, 0, 8, 17, 130
"c:\Users\haoti\Documents\GitHub\blockgamev2\src\ServerStorage\core\Chunk\Generator\HandlerOld.lua", "Luau", 477, 0, 0, 13, 62, 552
"c:\Users\haoti\Documents\GitHub\blockgamev2\src\ServerStorage\core\Chunk\Generator\LocalChunk.lua", "Luau", 73, 0, 0, 2, 15, 90
"c:\Users\haoti\Documents\GitHub\blockgamev2\src\ServerStorage\core\Chunk\Generator\LocalChunkold.lua", "Luau", 179, 0, 0, 4, 34, 217
"c:\Users\haoti\Documents\GitHub\blockgamev2\src\ServerStorage\core\Chunk\Generator\OverworldActorLayer.lua", "Luau", 42, 0, 0, 0, 11, 53
"c:\Users\haoti\Documents\GitHub\blockgamev2\src\ServerStorage\core\Chunk\Generator\RegionHelper.lua", "Luau", 18, 0, 0, 0, 2, 20
"c:\Users\haoti\Documents\GitHub\blockgamev2\src\ServerStorage\core\Chunk\Generator\Tasks\Shaper.lua", "Luau", 284, 0, 0, 0, 21, 305
"c:\Users\haoti\Documents\GitHub\blockgamev2\src\ServerStorage\core\Chunk\Generator\init.lua", "Luau", 32, 0, 0, 0, 6, 38
"c:\Users\haoti\Documents\GitHub\blockgamev2\src\ServerStorage\core\Chunk\OverworldBiome.lua", "Luau", 30, 0, 0, 5, 12, 47
"c:\Users\haoti\Documents\GitHub\blockgamev2\src\ServerStorage\core\Chunk\OverworldStack.lua", "Luau", 6, 0, 0, 0, 3, 9
"c:\Users\haoti\Documents\GitHub\blockgamev2\src\ServerStorage\core\Chunk\init.lua", "Luau", 153, 0, 0, 2, 0, 155
"c:\Users\haoti\Documents\GitHub\blockgamev2\src\ServerStorage\core\Entity\EntityReplicatorServer.lua", "Luau", 6, 0, 0, 0, 5, 11
"c:\Users\haoti\Documents\GitHub\blockgamev2\src\ServerStorage\core\ServerContainer\init.lua", "Luau", 193, 0, 0, 18, 31, 242
"c:\Users\haoti\Documents\GitHub\blockgamev2\src\StarterPlayer\StarterPlayerScripts\ClientWorker.lua", "Luau", 5, 0, 0, 0, 1, 6
"c:\Users\haoti\Documents\GitHub\blockgamev2\src\StarterPlayer\StarterPlayerScripts\PlayerSettings\KeybindHelper\init.lua", "Luau", 1, 0, 0, 0, 0, 1
"c:\Users\haoti\Documents\GitHub\blockgamev2\src\StarterPlayer\StarterPlayerScripts\Render\Actor\Main.client.lua", "Luau", 3, 0, 0, 0, -1, 2
"c:\Users\haoti\Documents\GitHub\blockgamev2\src\StarterPlayer\StarterPlayerScripts\Render\BlockRender.lua", "Luau", 113, 0, 0, 4, 5, 122
"c:\Users\haoti\Documents\GitHub\blockgamev2\src\StarterPlayer\StarterPlayerScripts\Render\BlockTexture.lua", "Luau", 207, 0, 0, 1, 0, 208
"c:\Users\haoti\Documents\GitHub\blockgamev2\src\StarterPlayer\StarterPlayerScripts\Render\RenderStorage.lua", "Luau", 74, 0, 0, 0, 5, 79
"c:\Users\haoti\Documents\GitHub\blockgamev2\src\StarterPlayer\StarterPlayerScripts\Render\RenderStuff.lua", "Luau", 124, 0, 0, 0, 4, 128
"c:\Users\haoti\Documents\GitHub\blockgamev2\src\StarterPlayer\StarterPlayerScripts\Render\SubChunkHelper.lua", "Luau", 374, 0, 0, 0, 20, 394
"c:\Users\haoti\Documents\GitHub\blockgamev2\src\StarterPlayer\StarterPlayerScripts\Render\Tasks.lua", "Lua", 0, 0, -121, -1, -5, -127
"c:\Users\haoti\Documents\GitHub\blockgamev2\src\StarterPlayer\StarterPlayerScripts\Render\init.lua", "Luau", 189, 0, 0, 21, 13, 223
"c:\Users\haoti\Documents\GitHub\blockgamev2\src\StarterPlayer\StarterPlayerScripts\__init__.client.lua", "Luau", 3, 0, 0, 0, 1, 4
"c:\Users\haoti\Documents\GitHub\blockgamev2\src\StarterPlayer\StarterPlayerScripts\core\ClientContainer.lua", "Luau", 65, 0, 0, 0, 18, 83
"c:\Users\haoti\Documents\GitHub\blockgamev2\src\StarterPlayer\StarterPlayerScripts\core\Rendering\Arms.lua", "Luau", 55, 0, 0, 1, 16, 72
"c:\Users\haoti\Documents\GitHub\blockgamev2\src\StarterPlayer\StarterPlayerScripts\core\Ui\ContainerHandler.lua", "Luau", 328, 0, 0, 2, 64, 394
"c:\Users\haoti\Documents\GitHub\blockgamev2\src\StarterPlayer\StarterPlayerScripts\core\Ui\HotbarManager.lua", "Luau", 95, 0, 0, 0, 23, 118
"c:\Users\haoti\Documents\GitHub\blockgamev2\src\StarterPlayer\StarterPlayerScripts\core\chunk\init.lua", "Luau", 20, 0, 0, 0, 1, 21
"Total", "-", 5719, 20, -150, 124, 685, 6398